TCGA-3C-AALI	TCGA-A1-A0SO	TCGA-A2-A04P	TCGA-A2-A04Q	TCGA-A2-A04T	TCGA-A2-A04U	TCGA-A2-A0CM	TCGA-A2-A0D0	TCGA-A2-A0D2	TCGA-A2-A0ST	TCGA-A2-A0SX	TCGA-A2-A0T0	TCGA-A2-A0T2	TCGA-A2-A0YE	TCGA-A2-A0YJ	TCGA-A2-A0YM	TCGA-A2-A1G1	TCGA-A2-A25F	TCGA-A2-A3XT	TCGA-A2-A3XU	TCGA-A2-A3XX	TCGA-A2-A4S1	TCGA-A7-A0CE	TCGA-A7-A0DA	TCGA-A7-A13D	TCGA-A7-A13E	TCGA-A7-A26F	TCGA-A7-A26G	TCGA-A7-A26I	TCGA-A7-A4SD	TCGA-A7-A4SE	TCGA-A7-A5ZV	TCGA-A7-A6VV	TCGA-A8-A07O	TCGA-AC-A2BK	TCGA-AC-A62X	TCGA-AC-A6IW	TCGA-AC-A8OQ	TCGA-AN-A04D	TCGA-AN-A0AL	TCGA-AN-A0AR	TCGA-AN-A0AT	TCGA-AN-A0FJ	TCGA-AN-A0FL	TCGA-AN-A0FX	TCGA-AN-A0XU	TCGA-AO-A0J6	TCGA-AO-A124	TCGA-AO-A128	TCGA-AO-A129	TCGA-AO-A12F	TCGA-AO-A1KR	TCGA-AR-A0TP	TCGA-AR-A0TS	TCGA-AR-A0U0	TCGA-AR-A0U4	TCGA-AR-A1AH	TCGA-AR-A1AI	TCGA-AR-A1AJ	TCGA-AR-A1AQ	TCGA-AR-A1AY	TCGA-AR-A24Q	TCGA-AR-A251	TCGA-AR-A256	TCGA-AR-A5QQ	TCGA-B6-A0I2	TCGA-B6-A0IJ	TCGA-B6-A0IQ	TCGA-B6-A0RT	TCGA-B6-A0RU	TCGA-B6-A0WX	TCGA-B6-A0X1	TCGA-BH-A0AV	TCGA-BH-A0B3	TCGA-BH-A0B9	TCGA-BH-A0BW	TCGA-BH-A0DL	TCGA-BH-A0E0	TCGA-BH-A0E6	TCGA-BH-A0RX	TCGA-BH-A18G	TCGA-BH-A18Q	TCGA-BH-A18T	TCGA-BH-A18V	TCGA-BH-A1F0	TCGA-BH-A1F6	TCGA-BH-A1FC	TCGA-C8-A12K	TCGA-C8-A12V	TCGA-C8-A131	TCGA-C8-A134	TCGA-C8-A1HJ	TCGA-C8-A27B	TCGA-D8-A142	TCGA-D8-A143	TCGA-D8-A147	TCGA-D8-A1JK	TCGA-D8-A1JL	TCGA-D8-A1JM	TCGA-D8-A1XK	TCGA-D8-A1XQ	TCGA-D8-A27F	TCGA-D8-A27H	TCGA-D8-A27M	TCGA-E2-A14N	TCGA-E2-A14X	TCGA-E2-A14Y	TCGA-E2-A150	TCGA-E2-A158	TCGA-E2-A159	TCGA-E2-A1AZ	TCGA-E2-A1B6	TCGA-E2-A1LG	TCGA-E2-A1LK	TCGA-E2-A1LL	TCGA-E2-A574	TCGA-E9-A1N8	TCGA-E9-A1N9	TCGA-E9-A1ND	TCGA-E9-A22G	TCGA-E9-A243	TCGA-E9-A244	TCGA-E9-A3QA	TCGA-E9-A5FL	TCGA-EW-A1P4	TCGA-EW-A1P8	TCGA-EW-A1PB	TCGA-EW-A6SB	TCGA-GM-A2DF	TCGA-GM-A3XL	TCGA-HN-A2NL	TCGA-LL-A5YP	TCGA-LL-A6FR	TCGA-LL-A8F5	TCGA-OL-A5D7	TCGA-OL-A5RW	TCGA-OL-A5S0	TCGA-OL-A66I	TCGA-OL-A6VO	TCGA-PL-A8LV	TCGA-S3-AA0Z	TCGA-S3-AA10	TCGA-S3-AA15
ACACA	0	1	-1	-1	0	0	0	0	0	0	0	1	0	1	1	1	1	-1	-1	0	0	-1	1	0	1	1	1	0	0	0	0	0	0	1	0	0	0	0	0	-1	1	0	1	-1	0	0	0	1	1	0	0	0	-1	0	0	-1	0	1	0	0	0	-1	1	0	0	0	0	0	-1	0	0	0	0	0	-1	1	0	1	0	-1	-1	0	1	1	0	0	1	0	-1	0	0	0	0	1	1	0	0	1	0	0	-1	0	-1	0	1	0	0	0	0	1	0	-1	0	0	1	-1	0	1	0	-1	0	0	0	0	0	1	0	-1	-1	0	-1	0	-1	-1	0	-1	0	-1	0	0	0	0	0
ACVRL1	-1	-1	1	1	0	0	0	-1	1	1	0	0	1	-1	-1	0	0	1	0	-1	0	1	0	0	0	-1	0	0	0	0	1	-1	1	0	-1	-1	1	1	0	1	-1	0	0	0	0	-1	-1	-1	1	1	1	-1	-1	1	0	0	0	-1	1	0	-1	0	0	-1	1	-1	0	-1	1	0	0	-1	1	0	-1	-1	0	-1	1	1	0	0	-1	1	1	0	-1	0	1	1	0	0	-1	1	0	-1	1	0	-1	-1	0	0	1	0	-1	0	-1	0	-1	0	1	0	-1	-1	0	-1	-1	0	0	-1	0	-1	0	0	0	0	0	-1	1	-1	0	1	1	0	-1	-1	1	0	0	0	0	0	1
AKT1	0	1	1	0	0	0	0	1	0	0	0	1	0	1	0	0	-1	-1	0	0	0	1	0	0	1	-1	0	-1	0	0	0	0	1	-1	0	0	0	0	0	1	1	0	0	1	0	0	-1	0	0	0	0	0	1	0	-1	0	-1	-1	0	0	0	0	-1	-1	1	0	0	-1	0	1	-1	0	0	1	-1	-1	0	0	0	0	1	0	0	1	0	-1	-1	-1	-1	1	0	0	-1	0	1	-1	1	0	-1	0	0	0	1	0	0	0	0	0	0	1	-1	0	-1	0	1	-1	0	0	1	0	0	0	0	1	0	0	0	0	0	0	0	0	0	1	0	1	0	0	0	1	0	0	0
AKT2	0	0	0	0	0	0	0	0	1	0	1	0	0	0	1	0	-1	0	0	0	1	0	0	1	1	0	0	-1	1	1	1	0	0	-1	0	0	1	1	0	0	0	-1	0	1	1	0	0	-1	0	0	0	0	0	0	0	0	0	0	-1	0	0	0	1	0	-1	0	0	0	0	0	-1	0	-1	0	0	-1	0	1	0	0	0	0	-1	0	0	1	1	-1	0	0	0	-1	-1	0	0	1	-1	0	1	0	0	-1	0	0	0	0	0	0	0	-1	-1	0	0	0	-1	0	0	0	0	0	-1	-1	1	0	0	0	0	0	-1	1	-1	1	1	0	0	0	1	0	0	1	0	0	0
AKT3	1	-1	-1	0	1	-1	1	1	-1	0	1	-1	-1	-1	-1	1	1	1	1	1	1	-1	-1	1	1	1	0	1	1	-1	1	0	0	1	-1	-1	1	1	-1	0	-1	-1	1	-1	1	-1	1	-1	-1	1	0	-1	1	1	-1	1	-1	-1	0	-1	1	1	0	-1	-1	-1	1	-1	1	0	1	-1	1	0	0	1	-1	1	1	0	-1	-1	1	1	0	0	1	1	-1	-1	-1	-1	1	0	-1	1	-1	-1	-1	-1	-1	1	1	1	-1	0	-1	0	1	-1	0	-1	-1	-1	1	1	-1	0	0	-1	0	-1	1	0	1	0	1	0	0	1	0	-1	1	-1	0	1	1	1	0	1	-1	-1	0
ANXA1	1	-1	0	-1	-1	-1	0	1	0	0	0	1	0	-1	1	0	1	1	-1	1	-1	1	-1	1	0	0	1	0	1	-1	-1	0	0	-1	-1	-1	-1	0	-1	0	1	1	-1	-1	1	-1	1	-1	-1	1	1	-1	1	0	0	0	-1	-1	0	0	-1	0	1	1	1	-1	0	-1	-1	0	1	1	1	0	-1	1	1	-1	-1	0	1	0	-1	-1	0	1	-1	0	0	1	-1	1	1	1	-1	-1	0	1	-1	0	-1	-1	1	1	1	-1	1	1	-1	1	-1	-1	-1	1	1	1	-1	-1	1	-1	-1	1	1	1	1	0	1	-1	0	1	-1	0	-1	1	-1	0	0	0	-1	1	-1	0	0
ANXA7	-1	0	0	0	-1	1	1	-1	0	0	0	-1	1	0	0	0	0	0	0	0	0	0	0	-1	-1	0	0	1	0	0	-1	0	0	1	0	1	0	-1	0	0	0	0	1	0	-1	-1	0	0	0	0	0	0	0	0	1	0	0	1	1	0	0	0	0	0	0	-1	0	-1	0	0	0	0	0	0	0	0	0	0	0	0	0	0	0	0	0	0	0	1	0	0	1	-1	1	0	0	1	0	0	0	0	0	-1	0	0	0	0	0	1	0	0	0	0	0	0	1	-1	0	0	1	-1	0	1	0	0	0	0	0	0	0	1	-1	0	-1	0	0	-1	0	0	0	0	0	0	0
AR	-1	-1	-1	1	-1	-1	-1	-1	0	1	1	1	0	1	-1	-1	1	1	-1	-1	-1	0	1	0	0	-1	1	1	1	-1	1	-1	1	1	-1	1	0	1	-1	1	1	-1	-1	1	1	1	-1	0	0	0	1	1	0	1	-1	0	1	-1	1	0	1	1	1	1	-1	-1	-1	1	1	1	1	1	1	1	1	0	-1	1	0	1	-1	1	-1	0	0	-1	1	-1	0	1	-1	-1	-1	1	1	0	1	1	-1	-1	-1	0	1	1	1	-1	-1	0	-1	1	1	-1	-1	-1	1	-1	-1	1	0	-1	1	1	-1	-1	0	1	-1	-1	-1	-1	-1	-1	-1	-1	-1	-1	-1	-1	0	-1	0	-1	1
ARID1A	1	0	-1	0	0	-1	0	-1	0	0	1	-1	0	1	0	1	0	0	0	0	0	-1	0	0	0	1	0	0	1	0	0	-1	1	0	0	-1	-1	0	0	0	0	0	1	-1	0	0	-1	0	1	0	0	-1	0	1	0	0	0	0	1	0	1	0	0	0	-1	-1	0	1	1	0	-1	0	0	0	-1	0	1	0	-1	0	-1	0	0	0	0	0	1	0	0	0	0	0	0	0	1	1	0	0	-1	0	-1	0	0	0	0	1	1	0	1	1	0	-1	0	0	1	-1	1	1	0	1	0	0	-1	-1	0	0	-1	-1	-1	-1	0	0	-1	-1	0	-1	-1	0	0	0	1	0	0
ASNS	1	0	0	-1	0	0	0	-1	1	-1	0	0	0	-1	1	-1	0	0	0	0	-1	-1	0	1	1	1	0	-1	1	0	1	0	-1	0	0	-1	0	0	0	0	0	0	-1	0	-1	0	1	1	0	0	-1	0	0	-1	1	-1	0	0	-1	0	-1	1	1	0	-1	0	0	0	0	0	-1	1	0	1	0	-1	0	0	1	0	-1	-1	0	1	-1	0	1	1	-1	-1	1	1	1	1	0	0	0	1	1	1	1	0	-1	1	1	0	0	0	0	0	-1	0	-1	-1	-1	1	0	-1	0	1	-1	1	1	-1	-1	0	1	1	0	0	1	0	0	1	-1	1	0	0	0	0	-1	1	0
ATM	1	1	0	1	0	-1	0	0	0	1	1	-1	-1	0	0	0	1	1	1	-1	-1	0	0	0	-1	0	1	1	0	1	0	-1	0	0	0	-1	0	1	0	0	0	0	-1	0	-1	1	0	0	1	0	0	-1	0	1	1	0	1	0	1	0	1	0	1	0	0	0	0	0	1	-1	1	0	0	0	1	1	0	0	-1	0	-1	1	1	0	1	0	-1	0	1	0	0	0	0	0	0	1	0	1	-1	0	0	1	1	1	0	1	-1	0	-1	0	1	1	0	0	-1	-1	0	0	0	-1	1	0	0	0	0	0	-1	0	0	-1	0	-1	-1	-1	0	-1	-1	0	-1	0	0	0	1
BAK1	-1	0	0	0	0	0	0	0	0	0	-1	0	0	0	-1	1	-1	0	0	0	0	0	0	0	0	-1	0	0	0	0	0	0	0	0	1	0	1	1	-1	0	0	0	-1	1	0	-1	0	0	1	0	-1	0	-1	0	1	0	0	0	0	0	0	0	1	-1	1	0	0	0	0	0	-1	0	0	0	0	0	0	0	0	0	-1	-1	0	1	0	0	0	0	0	-1	0	0	0	0	0	0	0	0	-1	0	1	0	0	0	-1	0	0	0	-1	0	-1	0	1	0	1	0	-1	-1	0	-1	-1	-1	1	0	0	1	1	1	0	1	0	0	-1	1	0	1	1	1	0	0	1	1	0
BAP1	-1	0	0	0	0	-1	0	0	0	0	0	0	0	0	0	0	-1	0	1	0	0	0	0	0	0	1	0	0	0	1	0	0	0	1	0	-1	1	0	0	0	0	0	0	0	0	0	0	0	0	0	0	0	-1	0	0	-1	0	-1	0	0	1	0	-1	0	1	0	0	0	0	1	0	0	0	0	0	-1	0	0	0	0	-1	0	0	0	0	0	0	0	0	0	0	-1	-1	0	0	0	0	0	-1	0	0	0	0	0	0	0	0	0	0	0	-1	0	0	0	0	0	0	0	1	0	-1	0	0	0	0	0	0	0	0	0	0	0	0	0	1	0	0	1	0	0	0	0	1
BAX	-1	-1	1	1	0	0	1	0	1	0	-1	1	1	0	-1	-1	-1	0	0	1	1	0	0	0	1	0	-1	-1	0	1	0	0	1	0	0	1	1	0	0	0	1	0	0	0	0	-1	0	0	0	0	0	1	-1	0	-1	-1	0	-1	-1	0	-1	0	-1	-1	1	0	1	0	0	0	-1	-1	-1	0	0	-1	-1	0	1	1	0	0	-1	-1	0	0	0	0	0	1	0	0	-1	0	0	-1	-1	-1	-1	-1	0	-1	0	-1	-1	0	-1	0	-1	0	-1	1	-1	1	0	0	0	-1	0	-1	-1	-1	0	1	0	1	0	1	0	1	0	1	1	1	1	1	1	1	1	1	0	1	1
BCL2	1	-1	0	1	0	1	0	-1	1	1	1	-1	-1	-1	-1	0	0	1	-1	-1	0	0	0	0	-1	1	0	1	-1	-1	-1	-1	-1	1	1	-1	0	0	1	0	1	-1	1	-1	1	-1	0	-1	0	0	-1	0	1	1	-1	1	0	0	1	1	1	1	-1	-1	-1	1	1	1	1	1	1	1	-1	-1	1	1	-1	0	1	1	-1	1	-1	1	1	0	1	1	1	-1	0	0	-1	0	0	0	-1	0	1	-1	-1	0	-1	1	0	1	-1	0	1	0	1	1	0	-1	-1	-1	1	1	-1	1	1	1	0	-1	0	0	0	1	0	-1	1	-1	-1	-1	0	-1	-1	1	0	0	1	0	1
BCL2L1	0	0	0	1	0	1	0	0	0	0	0	-1	0	1	0	0	0	0	0	-1	0	0	-1	0	0	0	0	0	-1	1	0	0	0	-1	0	0	0	1	0	1	0	0	0	0	0	0	0	0	0	0	0	0	-1	0	0	-1	0	0	0	0	-1	0	0	0	0	1	0	-1	-1	-1	0	-1	0	0	0	0	0	0	0	0	0	0	0	0	0	0	0	0	1	1	0	-1	-1	1	0	0	0	-1	-1	-1	0	0	1	0	-1	0	0	0	-1	1	-1	0	1	0	0	0	-1	0	0	0	0	0	0	0	1	-1	1	0	0	0	0	0	0	0	0	1	0	0	-1	0	-1	1	0
BCL2L11	1	1	-1	0	0	-1	0	1	-1	0	1	-1	-1	0	0	0	1	1	1	-1	0	-1	0	0	1	-1	0	1	0	1	1	-1	0	0	0	-1	-1	0	0	1	0	0	0	-1	-1	0	-1	1	-1	0	-1	0	0	0	-1	0	-1	1	0	0	0	0	-1	0	-1	0	0	0	0	0	-1	0	0	0	1	0	1	0	-1	-1	-1	0	1	0	0	-1	0	1	1	0	0	0	0	0	1	1	0	0	1	0	0	0	1	0	0	0	1	0	0	0	1	-1	0	-1	0	-1	1	1	-1	0	1	0	0	-1	1	0	-1	0	-1	0	-1	0	-1	-1	0	0	-1	1	-1	0	0	0	1
BECN1	0	1	-1	0	0	1	0	0	0	0	0	0	0	0	0	0	0	0	0	0	1	0	0	0	1	0	0	0	0	0	0	0	0	0	-1	0	0	1	0	0	1	0	1	-1	0	0	0	1	0	0	0	-1	-1	0	0	0	0	0	0	0	-1	0	0	0	1	0	0	-1	0	0	0	0	0	0	-1	1	0	-1	0	0	-1	0	-1	0	1	0	0	0	0	0	1	-1	0	0	0	0	1	0	-1	0	0	-1	0	0	0	0	-1	0	-1	0	0	0	0	1	0	0	-1	0	0	-1	0	0	-1	0	0	0	0	0	1	0	-1	0	0	1	0	0	0	0	1	0	0	0	0
BID	0	0	1	0	0	1	0	1	0	0	0	0	0	-1	0	0	0	0	0	1	0	0	-1	-1	1	-1	0	-1	0	0	0	-1	0	1	-1	1	1	1	0	0	0	1	1	0	0	0	0	0	-1	1	1	1	0	-1	-1	0	1	0	0	0	1	0	1	-1	0	1	0	0	0	0	0	0	-1	0	0	-1	-1	-1	1	1	1	-1	1	1	0	1	0	1	0	0	0	1	0	-1	0	0	0	-1	0	-1	-1	-1	0	-1	1	0	0	-1	1	-1	-1	1	0	0	-1	1	0	-1	0	1	1	1	0	1	0	0	1	0	0	1	-1	0	0	1	0	0	1	0	1	0	-1	-1	0
BIRC2	-1	0	0	0	0	-1	1	0	0	0	0	0	-1	0	0	0	1	1	0	0	-1	0	0	0	0	0	1	1	1	0	0	0	0	1	0	0	-1	0	0	1	0	0	0	-1	-1	1	1	0	0	0	-1	-1	0	1	0	1	1	0	0	0	1	0	1	1	0	-1	0	-1	0	-1	0	0	0	0	0	1	0	0	-1	0	0	0	1	1	0	0	-1	1	0	-1	0	0	0	0	-1	1	-1	1	0	0	1	1	1	0	1	0	0	0	-1	0	1	0	0	1	-1	0	-1	0	0	-1	0	1	0	-1	1	1	-1	1	0	0	0	0	-1	-1	0	-1	0	1	0	-1	-1	1	0
BRAF	0	0	0	-1	0	-1	0	1	1	0	-1	1	0	0	0	-1	0	0	-1	-1	-1	-1	0	0	0	1	0	0	1	0	0	0	0	0	0	1	-1	-1	-1	0	1	1	0	-1	0	0	0	0	1	1	0	0	1	0	0	0	1	1	0	0	1	1	1	1	-1	0	1	1	-1	0	0	1	0	0	0	0	0	1	1	-1	-1	-1	0	1	0	0	0	0	0	0	0	1	0	0	0	0	0	1	1	1	0	0	0	0	0	0	0	0	0	0	1	-1	0	0	0	-1	1	1	0	-1	0	0	0	0	0	1	0	-1	0	1	-1	0	-1	1	-1	-1	0	-1	0	-1	-1	-1	0
BRCA2	1	1	-1	-1	1	-1	1	0	-1	0	1	-1	-1	1	1	1	1	1	0	-1	-1	-1	-1	-1	0	-1	1	0	1	0	0	-1	0	0	0	-1	-1	1	-1	0	1	1	0	-1	-1	1	0	1	1	-1	0	-1	0	1	1	0	1	1	1	0	0	0	1	1	-1	-1	1	-1	1	0	-1	1	1	0	0	1	1	-1	-1	-1	-1	0	1	1	1	0	1	1	0	0	1	1	1	-1	-1	0	-1	1	0	1	0	1	0	1	1	0	-1	0	0	0	1	-1	1	-1	0	-1	0	1	0	0	1	0	0	-1	1	0	0	-1	-1	0	-1	-1	-1	-1	-1	-1	-1	-1	0	-1	1	-1	-1
CASP3	0	-1	-1	0	0	1	0	-1	0	1	0	-1	0	0	-1	1	0	1	-1	-1	1	0	-1	-1	0	0	1	0	0	0	0	-1	0	1	1	1	0	0	1	0	0	0	-1	-1	0	0	-1	1	1	0	1	-1	0	0	0	0	0	1	1	0	0	0	1	-1	1	0	0	0	0	0	-1	0	0	0	1	1	0	-1	0	0	0	0	0	0	0	0	1	0	0	0	0	1	0	0	0	0	0	-1	1	0	0	1	-1	0	0	0	0	0	1	0	1	-1	0	0	1	0	0	1	1	1	1	-1	0	0	0	0	0	0	0	0	-1	0	-1	0	-1	-1	-1	1	0	0	1	0	0
CASP7	-1	0	0	1	-1	0	1	0	-1	1	0	-1	0	-1	-1	0	0	1	-1	0	0	0	-1	-1	0	-1	1	1	0	1	-1	1	1	0	-1	0	0	0	-1	1	0	0	-1	0	-1	0	1	1	1	-1	-1	0	0	0	1	0	-1	1	1	0	-1	0	-1	0	0	-1	0	-1	0	0	0	0	1	1	0	0	1	-1	-1	0	0	0	0	0	0	-1	0	1	1	0	0	-1	0	-1	0	0	0	1	1	0	1	-1	0	0	0	0	0	-1	-1	0	1	0	1	-1	1	-1	-1	0	1	-1	1	-1	1	1	0	0	1	0	0	0	0	0	0	1	0	-1	0	0	0	0	1	0	0
CASP9	0	0	0	0	0	1	0	-1	-1	0	0	-1	1	0	-1	-1	0	0	1	-1	0	0	1	0	-1	0	-1	0	0	1	-1	-1	0	0	-1	-1	0	-1	0	0	0	0	1	0	0	0	0	-1	0	0	0	1	0	0	0	0	0	0	0	1	-1	-1	1	-1	0	-1	0	1	1	-1	0	0	0	0	1	0	0	1	0	0	0	0	-1	-1	0	0	0	1	1	0	-1	0	-1	0	1	0	0	0	1	-1	-1	-1	0	0	0	0	0	0	0	1	0	0	0	-1	0	0	0	1	0	-1	0	-1	0	0	1	0	0	0	0	0	0	0	0	0	0	1	0	0	1	0	1	-1	0
CAV1	-1	-1	0	0	-1	-1	-1	1	0	1	1	0	0	-1	-1	-1	0	1	1	-1	0	1	1	0	1	-1	0	1	1	-1	1	1	1	-1	0	-1	-1	1	-1	0	0	-1	1	0	1	0	-1	-1	-1	0	1	1	1	0	-1	-1	0	-1	1	0	-1	1	1	0	1	1	0	0	0	1	1	0	1	1	-1	0	0	-1	0	1	-1	1	-1	0	1	0	0	-1	0	0	1	1	-1	1	-1	-1	1	0	-1	-1	-1	1	1	1	-1	0	0	0	-1	0	0	1	-1	0	1	-1	-1	1	0	-1	0	1	0	1	-1	0	0	-1	0	-1	-1	1	0	1	-1	1	0	0	-1	0	-1	0	1
CCNB1	0	0	0	0	0	1	1	1	1	-1	-1	-1	-1	1	0	0	1	0	0	1	0	-1	1	-1	0	-1	0	-1	0	-1	0	-1	0	0	0	0	1	0	0	0	0	1	0	-1	-1	0	0	0	0	0	0	1	-1	0	-1	0	0	-1	0	0	0	0	-1	1	1	0	1	0	0	1	-1	1	0	0	0	-1	0	1	0	0	0	0	1	0	-1	0	1	0	-1	0	0	1	1	-1	0	0	-1	-1	1	1	-1	0	-1	-1	0	0	1	-1	-1	0	1	0	1	0	1	1	-1	0	0	1	0	0	0	0	1	1	0	-1	0	1	1	-1	-1	0	1	0	0	0	0	-1	1	1	-1
CCND1	-1	-1	-1	0	-1	0	1	0	0	0	1	0	-1	1	-1	0	1	-1	-1	0	-1	1	-1	1	0	1	0	1	-1	1	1	1	0	-1	-1	-1	0	0	-1	1	1	1	0	0	0	-1	1	-1	0	0	1	0	-1	-1	1	1	0	-1	1	0	1	1	-1	0	1	1	1	1	-1	-1	1	1	0	1	0	0	1	-1	-1	-1	1	-1	1	1	0	-1	0	0	0	1	-1	-1	-1	0	-1	-1	0	1	-1	0	1	1	1	1	-1	-1	1	1	-1	-1	-1	1	1	-1	1	0	1	1	1	-1	0	1	1	0	1	1	1	0	-1	-1	-1	-1	0	-1	-1	1	-1	1	-1	-1	1	1	1
CCNE1	0	-1	0	0	1	1	1	1	0	1	0	-1	0	0	-1	1	1	0	-1	0	-1	-1	0	-1	1	-1	-1	-1	1	0	0	-1	0	1	0	0	0	1	1	-1	0	0	0	-1	1	-1	0	0	-1	-1	-1	1	-1	-1	-1	-1	1	1	1	1	1	-1	0	0	0	0	1	0	0	0	-1	1	-1	0	0	0	-1	1	0	0	-1	-1	1	-1	-1	1	0	0	0	-1	1	0	0	-1	1	1	-1	0	1	1	-1	0	-1	-1	1	-1	0	-1	0	0	1	0	-1	0	-1	0	0	-1	0	1	0	-1	1	0	0	0	1	0	1	1	1	0	0	0	1	1	1	1	-1	1	-1	1	-1
CCNE2	1	1	-1	-1	1	0	0	-1	1	-1	1	0	-1	0	0	1	0	0	0	0	0	-1	0	-1	-1	-1	0	0	-1	-1	-1	-1	1	1	1	1	-1	-1	1	-1	-1	1	0	-1	0	1	-1	1	0	-1	0	-1	0	1	0	0	-1	0	-1	0	1	0	1	-1	1	-1	1	0	1	1	-1	-1	1	1	0	0	1	0	-1	-1	-1	1	0	1	-1	-1	1	1	-1	0	1	1	1	0	1	1	0	1	0	1	0	1	0	-1	0	1	1	-1	-1	1	0	0	1	0	-1	-1	-1	1	0	1	1	-1	-1	-1	0	0	-1	-1	1	1	1	-1	-1	1	-1	1	-1	-1	1	1	1	1	-1
CDH1	-1	-1	-1	1	1	-1	0	-1	0	0	0	0	0	0	1	0	1	-1	-1	0	1	-1	1	0	1	-1	1	-1	0	1	-1	0	-1	0	-1	0	-1	1	0	1	-1	0	1	1	0	0	1	0	0	0	0	-1	1	1	-1	1	-1	1	0	-1	1	0	-1	1	-1	0	-1	-1	0	1	0	0	0	0	-1	1	1	1	0	1	0	1	0	1	-1	0	-1	1	0	1	1	1	0	0	1	0	1	0	1	-1	0	0	1	0	0	1	0	0	0	0	0	-1	-1	1	1	0	0	1	0	-1	-1	1	0	1	0	0	-1	0	0	0	-1	0	0	0	-1	-1	-1	0	0	0	-1	0	-1
CDH2	1	-1	1	-1	1	1	0	1	-1	-1	1	0	-1	0	-1	0	1	0	-1	-1	0	1	-1	1	1	1	1	1	1	1	1	1	1	-1	-1	-1	-1	-1	-1	0	-1	1	1	-1	1	-1	-1	-1	-1	0	0	0	0	0	-1	0	-1	-1	-1	1	1	1	0	1	1	-1	-1	1	-1	1	1	1	1	1	-1	0	-1	-1	-1	-1	-1	-1	-1	0	0	0	0	1	-1	1	1	1	-1	1	0	-1	1	0	-1	-1	0	1	1	1	-1	-1	0	-1	-1	0	1	-1	-1	-1	1	-1	1	-1	-1	1	-1	1	-1	-1	1	-1	-1	0	0	-1	1	1	1	-1	-1	-1	-1	0	-1	1	-1	-1	-1
CDH3	-1	-1	-1	1	1	-1	1	1	1	1	0	-1	0	0	1	1	0	-1	-1	0	1	-1	1	0	0	0	1	0	1	1	0	0	1	1	-1	0	-1	0	-1	-1	-1	0	1	-1	1	0	1	1	1	0	-1	-1	-1	1	0	1	-1	1	1	-1	1	1	-1	1	1	-1	0	0	-1	1	1	-1	0	1	-1	1	1	-1	-1	1	-1	0	1	1	0	0	-1	1	0	1	1	-1	1	0	1	0	0	0	1	0	0	0	1	1	0	-1	-1	1	-1	0	0	-1	-1	1	1	0	-1	-1	1	-1	-1	1	1	0	-1	1	0	1	1	0	-1	0	0	1	1	-1	1	1	-1	-1	-1	0	-1
CDK1	1	0	0	0	0	1	1	0	1	0	0	-1	-1	-1	-1	0	0	0	0	0	0	-1	0	-1	0	0	0	0	1	0	-1	0	0	0	0	1	0	-1	1	0	1	0	0	-1	-1	0	0	-1	-1	0	1	0	0	0	0	0	1	0	0	0	0	0	0	0	0	-1	1	1	-1	0	0	0	-1	0	0	0	0	0	0	0	0	0	0	1	-1	1	1	0	-1	0	1	1	1	-1	0	1	-1	0	1	1	-1	1	0	-1	0	-1	1	0	-1	0	1	0	0	1	0	0	-1	0	0	1	0	1	-1	0	1	1	-1	0	0	0	0	-1	-1	0	1	0	0	0	0	0	1	1	-1
CDKN1A	1	-1	0	0	0	0	0	-1	-1	0	0	1	0	0	-1	0	0	0	-1	1	-1	0	0	1	0	-1	1	0	0	0	0	0	1	-1	0	1	0	0	0	0	-1	1	0	-1	1	-1	-1	-1	0	-1	0	0	1	0	1	-1	-1	-1	0	0	-1	0	0	-1	1	-1	0	0	0	1	0	0	1	0	-1	1	0	1	-1	0	1	0	-1	0	1	1	-1	0	0	1	0	1	-1	1	1	-1	1	1	-1	1	0	0	0	0	-1	-1	1	-1	-1	1	-1	-1	1	0	1	-1	-1	-1	1	0	-1	-1	1	1	1	-1	0	0	0	-1	-1	1	1	1	-1	1	0	0	0	1	0	1	1
CDKN1B	1	1	0	0	1	1	0	-1	-1	1	1	-1	-1	0	0	1	0	1	-1	-1	0	-1	1	0	-1	1	0	-1	0	0	0	0	0	0	0	1	0	0	1	-1	0	-1	1	-1	0	-1	-1	1	0	0	1	1	0	0	-1	0	-1	0	0	1	0	1	-1	-1	0	1	0	1	1	0	0	0	1	-1	1	-1	0	0	-1	0	0	1	0	0	0	0	0	-1	0	-1	-1	0	-1	-1	1	1	-1	0	1	0	-1	-1	0	0	1	1	0	0	1	0	0	1	1	-1	-1	0	1	0	0	1	1	1	0	-1	0	0	-1	1	1	0	1	-1	-1	-1	-1	1	0	0	0	1	1	1	0
CHEK1	1	1	-1	-1	0	-1	0	0	1	-1	0	0	-1	0	0	0	1	0	0	0	0	-1	0	-1	-1	0	0	0	0	-1	-1	-1	0	1	0	0	-1	-1	1	0	1	0	0	-1	1	1	-1	0	-1	0	-1	-1	1	0	0	0	1	0	-1	1	1	0	1	0	1	-1	0	0	-1	0	-1	0	0	0	1	0	-1	-1	0	0	-1	0	1	0	-1	0	0	0	0	-1	0	0	0	0	1	-1	-1	0	0	0	0	1	-1	-1	1	1	1	-1	0	0	1	0	0	1	0	0	0	0	-1	0	-1	1	-1	-1	1	1	-1	0	-1	0	1	0	-1	0	-1	0	-1	0	0	-1	-1	0	0
CHEK2	1	0	0	-1	1	1	0	1	1	-1	-1	0	0	0	-1	-1	0	-1	0	-1	0	-1	0	-1	1	-1	0	1	0	0	0	-1	0	0	0	1	1	0	0	0	1	1	1	0	-1	0	0	0	0	0	1	1	1	-1	-1	0	1	1	0	0	1	-1	0	0	-1	0	1	1	1	0	0	1	-1	0	0	-1	0	0	0	1	-1	0	1	0	0	0	0	1	0	0	-1	1	1	0	0	0	0	0	0	1	-1	1	-1	-1	1	0	0	0	0	0	0	1	0	-1	0	0	-1	1	-1	1	0	0	-1	-1	0	0	0	0	0	1	0	0	0	0	1	-1	0	0	0	0	-1	-1	0
CLDN7	0	-1	0	0	0	-1	1	0	0	0	1	1	1	1	1	1	-1	-1	1	1	1	-1	1	0	1	1	0	-1	-1	1	1	-1	1	1	-1	-1	1	0	-1	1	1	0	-1	1	0	-1	1	0	-1	-1	-1	-1	0	0	1	0	0	0	0	-1	-1	-1	0	0	-1	0	1	-1	-1	-1	1	-1	0	1	1	0	0	-1	1	0	1	0	0	1	1	1	1	0	-1	1	-1	0	1	1	1	0	1	0	-1	0	0	1	0	0	1	1	0	-1	-1	1	-1	-1	0	0	-1	1	-1	-1	0	-1	1	1	1	-1	1	1	0	1	0	1	0	1	1	0	1	1	1	0	1	1	-1	1	-1
COL6A1	-1	-1	-1	0	0	0	1	0	0	-1	1	1	1	1	-1	1	0	0	1	-1	1	1	-1	1	0	-1	1	1	1	1	1	1	1	0	-1	-1	-1	1	-1	1	-1	-1	0	-1	1	-1	0	-1	0	0	0	-1	-1	0	-1	1	-1	-1	1	0	0	1	0	-1	1	-1	0	-1	0	1	1	0	1	1	-1	-1	-1	0	1	1	1	-1	0	0	0	0	-1	-1	0	1	1	-1	-1	0	-1	-1	0	0	-1	0	0	0	1	0	-1	0	-1	0	-1	0	0	-1	-1	1	-1	-1	0	0	0	-1	-1	0	1	1	1	0	0	-1	1	0	-1	1	1	1	0	1	1	1	0	0	0	1	1
COPS5	1	0	0	1	-1	0	0	0	0	-1	-1	0	0	-1	0	0	0	0	0	1	1	0	0	0	0	0	0	0	0	0	-1	0	0	0	0	0	0	-1	0	0	0	0	0	1	0	0	1	-1	0	0	0	-1	0	-1	1	0	0	-1	-1	0	0	0	0	1	0	-1	-1	-1	0	0	0	0	0	0	0	0	0	0	-1	1	0	-1	0	0	0	0	1	1	0	1	1	1	0	0	-1	0	0	0	0	0	0	0	-1	0	1	1	0	0	0	0	0	1	0	1	-1	1	-1	-1	0	1	0	0	0	1	0	0	-1	1	-1	0	0	0	-1	1	0	0	0	0	0	0	0	0	0
CTNNB1	-1	1	-1	1	0	1	0	0	0	0	-1	1	-1	1	0	0	1	0	-1	-1	-1	0	0	1	0	0	0	1	0	0	0	-1	0	0	0	0	-1	-1	-1	0	0	1	0	-1	1	1	1	0	1	-1	0	-1	1	0	1	0	0	0	0	0	0	1	0	0	0	-1	0	1	-1	1	0	0	1	0	0	0	0	-1	-1	0	-1	1	0	1	0	0	0	0	0	0	0	0	1	1	0	-1	0	1	-1	1	1	0	0	1	0	0	1	0	0	-1	0	0	1	1	0	-1	0	0	1	1	0	0	0	-1	0	0	-1	-1	-1	-1	-1	0	0	-1	-1	-1	-1	0	-1	-1	0	1	0
DIABLO	1	-1	0	0	0	1	0	0	0	0	0	-1	1	0	0	0	0	-1	0	1	0	0	0	0	0	0	-1	0	-1	0	0	0	0	0	0	0	0	-1	0	1	1	0	0	0	0	-1	0	0	0	0	0	0	-1	0	0	0	1	-1	-1	0	0	-1	0	0	1	0	0	1	0	0	0	0	0	0	1	0	0	0	1	0	0	0	0	0	-1	-1	0	0	0	0	0	0	0	0	0	0	0	0	1	0	0	-1	0	-1	0	0	0	-1	0	0	0	1	0	0	0	1	1	0	0	1	0	0	-1	1	0	0	0	0	0	0	1	0	1	0	1	1	0	0	0	0	-1	0	0
DIRAS3	1	-1	1	0	-1	1	-1	1	-1	0	-1	-1	0	0	-1	-1	1	0	0	-1	1	1	1	1	0	-1	1	0	1	-1	1	-1	-1	-1	-1	1	-1	0	1	-1	-1	-1	-1	-1	0	0	-1	-1	-1	1	1	1	0	-1	0	-1	-1	0	0	1	-1	-1	1	-1	1	-1	0	0	0	1	0	1	-1	-1	1	1	0	1	1	1	1	0	-1	-1	1	0	0	-1	-1	1	1	1	-1	0	1	-1	-1	1	1	-1	-1	0	-1	-1	0	-1	-1	1	-1	1	1	0	-1	-1	0	0	1	1	1	1	-1	-1	-1	1	1	-1	0	-1	-1	0	0	1	0	0	-1	-1	-1	0	1	-1	0	-1	1
DVL3	0	0	0	0	0	1	0	1	0	0	1	-1	1	1	-1	1	0	-1	0	-1	0	0	0	0	-1	0	-1	0	0	0	0	0	0	0	0	0	0	0	1	0	0	0	0	0	1	0	1	1	0	1	0	1	0	0	0	0	0	0	0	0	1	0	0	0	-1	0	0	1	0	0	0	0	0	0	0	0	-1	0	1	0	0	0	0	1	0	-1	0	0	0	0	0	0	0	0	1	0	0	1	0	0	1	0	0	-1	0	0	0	0	0	0	0	0	-1	0	0	-1	1	0	0	0	-1	1	0	0	0	0	0	-1	0	0	0	0	-1	0	0	0	-1	-1	0	0	1	0	0
EEF2	0	0	0	0	0	0	-1	0	0	1	0	1	0	-1	0	0	0	0	1	1	0	0	0	0	0	0	-1	0	-1	-1	0	0	0	0	0	-1	1	0	-1	-1	0	1	1	-1	1	-1	0	1	0	1	0	0	1	0	0	0	-1	0	-1	0	0	0	-1	0	0	1	0	0	0	0	0	-1	0	0	1	-1	-1	0	0	0	1	0	1	-1	-1	1	0	0	0	0	0	-1	0	0	0	0	0	-1	0	0	-1	1	0	-1	0	1	-1	-1	0	-1	-1	-1	-1	0	1	0	1	1	1	0	-1	0	0	0	0	0	1	0	-1	1	1	0	-1	0	1	0	0	0	0	0	-1	1	0
EEF2K	0	1	0	0	0	-1	0	0	0	0	0	0	0	0	1	0	0	0	0	-1	0	1	1	0	-1	0	0	0	0	0	0	1	1	0	-1	0	0	0	-1	-1	0	-1	0	0	0	1	0	1	0	0	-1	0	0	0	0	0	-1	1	1	-1	0	0	0	1	0	1	0	0	0	0	0	0	0	0	1	0	1	-1	0	0	-1	0	0	1	0	0	0	0	0	0	0	0	-1	0	1	-1	1	0	1	0	1	0	0	1	0	0	0	1	0	0	0	0	1	0	1	-1	1	0	0	-1	1	0	0	1	1	1	0	0	0	-1	-1	0	-1	0	0	-1	0	0	-1	0	1	0	0
EGFR	-1	0	0	0	-1	-1	-1	-1	-1	0	0	-1	0	1	1	0	1	1	-1	-1	-1	-1	1	1	1	1	1	1	-1	0	1	1	0	0	1	-1	-1	-1	-1	0	-1	-1	1	0	0	1	-1	0	0	-1	-1	-1	1	1	1	1	0	0	0	-1	1	1	1	0	0	0	-1	-1	0	0	0	0	1	1	-1	1	1	1	-1	-1	-1	0	0	1	0	0	0	0	0	0	0	-1	1	0	1	1	1	1	1	1	0	1	0	1	-1	-1	1	1	0	1	0	-1	1	0	1	-1	0	0	1	-1	-1	1	0	0	1	-1	0	-1	-1	-1	-1	-1	-1	0	-1	1	-1	-1	0	1	1	-1	-1
EIF4E	1	1	0	0	1	0	0	0	0	0	0	1	-1	0	0	1	1	0	-1	0	0	0	0	-1	0	0	1	0	0	-1	-1	0	-1	1	0	1	0	-1	0	1	0	1	-1	1	0	0	1	0	0	-1	0	0	-1	0	0	1	0	1	1	0	0	0	0	1	1	0	0	0	0	0	-1	0	0	0	0	1	0	-1	0	0	0	0	1	1	1	0	1	-1	0	0	1	1	0	0	-1	0	0	0	0	1	0	-1	-1	1	1	0	1	0	0	0	1	0	0	0	0	0	-1	1	0	1	0	1	0	-1	1	0	-1	0	-1	1	-1	0	-1	0	-1	-1	0	0	0	-1	-1	1	-1
EIF4EBP1	1	0	1	-1	0	1	1	1	1	-1	0	0	1	0	-1	1	0	0	1	1	0	0	-1	0	0	0	0	-1	0	0	0	1	0	0	1	1	1	0	-1	0	1	-1	0	1	0	-1	1	-1	-1	0	0	1	-1	-1	0	0	0	1	0	1	-1	-1	-1	1	1	0	1	0	0	-1	0	0	-1	0	1	-1	-1	-1	1	0	1	0	-1	0	-1	0	1	0	-1	1	0	1	-1	-1	0	-1	0	0	0	1	0	0	-1	-1	1	-1	0	0	-1	0	-1	0	-1	1	0	1	-1	-1	-1	1	-1	0	1	1	0	1	0	0	1	0	1	0	1	0	1	0	0	1	1	0	-1	1	0
EIF4G1	0	0	-1	-1	0	0	0	1	0	0	0	-1	0	1	0	1	0	-1	0	0	0	0	0	0	0	0	0	0	0	1	0	0	0	1	0	1	1	0	0	1	0	0	0	0	0	0	1	1	1	0	-1	0	0	0	0	0	-1	0	0	0	0	0	0	0	0	0	0	0	0	0	-1	1	-1	0	0	0	0	0	0	-1	-1	0	0	1	0	0	0	0	0	0	0	-1	0	-1	0	0	0	1	0	0	1	0	-1	0	0	0	0	0	0	0	0	-1	0	0	1	0	0	0	0	0	0	0	0	0	1	0	0	0	0	0	0	0	0	0	0	0	0	0	0	0	1	0	0
ERBB2	-1	1	0	0	1	-1	-1	0	0	0	0	0	0	1	1	0	1	-1	-1	0	1	-1	1	1	1	1	0	-1	1	1	0	1	1	0	-1	1	-1	1	0	0	-1	-1	0	0	0	1	0	1	1	0	1	1	0	1	0	-1	1	0	-1	0	0	0	0	-1	-1	0	-1	0	0	0	0	1	0	0	-1	1	-1	0	1	0	-1	0	1	1	0	0	-1	-1	-1	0	0	-1	-1	1	0	0	0	-1	0	-1	0	0	0	-1	-1	0	1	0	0	0	0	0	1	1	0	0	0	0	0	0	-1	1	0	0	0	0	0	0	0	-1	-1	0	1	0	-1	0	1	0	0	0	1	0	-1
ERBB3	0	1	0	-1	1	-1	0	-1	-1	1	1	0	1	0	1	1	1	-1	0	0	1	-1	1	0	0	1	0	0	1	0	0	0	0	0	1	0	0	1	1	0	-1	-1	1	1	-1	0	0	0	-1	0	1	1	1	0	-1	-1	0	0	0	-1	1	0	-1	0	-1	0	-1	0	-1	0	0	-1	0	-1	1	0	0	1	1	0	1	1	1	-1	0	1	0	0	-1	0	-1	1	1	0	-1	1	0	-1	1	-1	0	0	1	0	0	1	0	0	1	0	-1	0	1	0	-1	0	0	1	-1	1	0	1	-1	-1	-1	0	0	0	1	-1	0	-1	0	-1	0	-1	-1	-1	0	1	0	0	-1
ERCC1	0	0	1	0	0	1	0	0	0	0	1	0	1	0	-1	-1	-1	0	-1	0	-1	1	0	1	1	0	-1	-1	0	1	0	0	0	-1	0	0	1	-1	0	0	1	0	0	1	0	0	0	-1	0	0	0	1	0	-1	0	-1	0	0	-1	1	0	0	-1	0	1	1	0	0	0	0	0	-1	0	0	0	-1	-1	1	0	0	1	0	-1	0	0	-1	1	0	0	0	-1	0	-1	0	0	1	0	0	1	-1	0	-1	0	0	-1	0	0	0	0	-1	-1	0	0	0	1	1	1	0	0	-1	-1	-1	-1	1	0	0	0	1	-1	1	0	0	1	1	0	1	1	1	0	0	0	0	0
ERRFI1	1	0	0	0	0	1	-1	1	1	-1	-1	-1	1	1	0	0	1	-1	-1	-1	0	1	1	0	1	0	1	1	-1	1	0	0	0	0	0	-1	-1	0	-1	0	-1	1	1	1	1	-1	1	-1	-1	0	0	0	1	0	-1	0	0	1	-1	-1	0	1	1	0	1	-1	0	1	0	0	-1	-1	1	-1	1	0	-1	-1	0	-1	0	0	-1	0	0	0	-1	-1	0	1	-1	1	1	1	1	0	0	0	-1	1	1	1	1	0	0	-1	0	0	1	0	-1	-1	0	0	0	0	1	-1	1	0	-1	0	0	-1	0	-1	-1	-1	0	-1	0	1	0	0	-1	-1	0	0	-1	-1	0	0	1
ESR1	-1	-1	1	0	-1	-1	1	-1	-1	1	1	0	-1	-1	-1	-1	1	1	1	1	-1	0	1	-1	-1	1	0	0	0	-1	0	-1	-1	1	-1	-1	0	0	-1	0	0	-1	-1	-1	1	1	1	-1	1	1	-1	0	-1	-1	-1	1	-1	1	1	1	1	1	1	-1	1	1	1	-1	0	1	-1	1	-1	1	-1	1	1	1	1	1	-1	1	1	1	1	0	0	1	1	-1	0	-1	1	0	-1	-1	0	0	1	-1	-1	-1	-1	1	-1	1	1	-1	-1	1	1	0	-1	0	1	-1	-1	1	1	0	1	0	1	1	-1	1	0	-1	-1	1	0	-1	0	1	0	-1	-1	0	1	0	1	0	1
ETS1	-1	-1	0	1	0	-1	1	0	1	1	1	-1	-1	0	1	0	1	1	1	0	0	0	-1	0	0	-1	1	1	0	0	0	0	0	1	-1	-1	0	0	-1	1	-1	0	-1	-1	1	0	1	-1	1	0	0	-1	1	1	0	1	0	0	1	0	1	0	0	-1	0	-1	1	-1	1	1	0	-1	1	0	1	1	-1	-1	0	1	-1	0	0	0	1	0	1	1	1	0	0	0	0	0	0	0	0	1	-1	0	1	1	1	1	0	1	-1	0	-1	0	1	1	-1	0	0	-1	0	0	0	-1	1	-1	1	-1	0	-1	0	0	1	0	0	1	-1	0	-1	-1	-1	1	-1	0	-1	1	1
FASN	0	0	-1	-1	-1	-1	-1	0	1	-1	0	1	0	0	0	0	0	-1	1	1	1	-1	0	1	1	0	0	0	-1	0	1	0	0	1	1	0	1	1	0	1	0	1	0	1	0	0	0	-1	0	0	0	1	0	-1	1	0	0	0	0	0	0	0	-1	1	-1	0	0	0	0	0	-1	0	-1	1	-1	0	0	1	-1	-1	1	0	1	0	-1	-1	0	-1	0	1	-1	-1	-1	1	1	0	1	0	-1	1	0	1	-1	-1	-1	-1	0	-1	1	1	-1	-1	-1	0	0	0	0	0	1	-1	-1	0	1	0	1	0	0	-1	-1	1	1	1	-1	-1	1	-1	-1	-1	0	0	-1	1	0
FN1	0	-1	0	0	-1	0	0	0	1	-1	1	1	0	0	0	0	1	1	-1	-1	0	1	1	1	1	0	1	1	1	1	1	0	1	0	0	-1	-1	1	-1	1	-1	0	-1	-1	1	0	0	-1	0	0	1	-1	0	0	0	1	0	1	0	-1	1	1	0	0	1	-1	0	-1	0	-1	1	-1	1	1	-1	1	0	-1	-1	0	1	-1	-1	0	0	1	-1	0	0	1	-1	-1	-1	1	-1	-1	1	1	-1	0	0	1	1	1	-1	-1	0	0	-1	0	1	-1	-1	-1	0	-1	-1	0	1	-1	1	1	0	-1	0	0	0	-1	0	-1	-1	1	0	1	-1	-1	0	0	-1	0	-1	-1	0
FOXM1	1	1	-1	0	1	-1	0	1	1	0	-1	-1	-1	1	0	1	1	-1	1	-1	-1	-1	1	-1	0	0	-1	-1	-1	0	0	0	-1	0	0	-1	0	-1	0	1	1	0	0	-1	-1	0	0	0	-1	1	0	1	0	0	-1	0	0	0	-1	1	1	1	-1	0	0	1	1	1	-1	0	-1	1	1	0	1	-1	0	0	-1	-1	-1	0	1	1	-1	-1	1	1	-1	-1	0	1	0	-1	1	0	-1	1	1	1	-1	1	-1	0	1	-1	0	0	-1	-1	1	0	0	-1	0	-1	0	0	0	1	0	0	1	-1	1	1	0	1	-1	1	1	0	-1	0	1	0	-1	0	0	-1	1	1	0
FOXO3	0	1	0	0	0	-1	0	0	0	0	0	0	0	1	0	0	1	0	0	-1	0	0	1	0	0	0	0	1	0	0	0	0	0	0	0	1	-1	0	0	0	1	0	0	0	0	1	-1	1	-1	0	0	0	-1	0	0	0	0	1	0	-1	1	1	0	1	-1	-1	-1	0	0	0	1	-1	1	0	0	0	0	1	0	-1	0	1	1	-1	0	0	0	-1	-1	0	-1	0	0	0	0	0	0	0	0	0	0	0	0	-1	1	1	0	0	1	0	0	0	0	0	0	-1	1	1	0	0	0	0	0	-1	-1	0	-1	-1	-1	1	0	0	-1	-1	-1	-1	0	0	-1	-1	0	-1	0
G6PD	-1	1	1	0	0	-1	1	1	1	0	-1	0	0	0	0	0	0	0	1	1	1	1	0	-1	0	-1	1	-1	0	1	-1	0	-1	0	-1	-1	0	0	0	1	1	0	0	0	-1	0	0	0	0	0	0	1	-1	0	0	0	-1	0	0	0	0	-1	-1	-1	0	1	0	0	0	0	-1	1	-1	0	0	-1	1	1	1	0	-1	0	0	-1	-1	0	0	0	0	1	0	0	0	1	1	-1	1	0	-1	-1	0	-1	-1	0	0	0	0	1	-1	0	0	-1	-1	0	1	-1	0	0	1	0	-1	-1	1	1	1	0	1	0	0	0	0	0	0	0	1	0	0	0	0	-1	-1	0	0
GAB2	1	1	-1	0	0	0	-1	-1	0	1	1	0	0	1	1	0	0	0	0	0	0	-1	-1	0	0	1	0	1	0	0	0	-1	1	-1	1	0	0	0	0	-1	1	0	1	-1	1	0	1	0	-1	1	0	-1	1	1	-1	0	0	-1	0	0	0	0	0	1	-1	0	-1	1	0	-1	0	-1	1	1	-1	-1	-1	0	-1	0	1	1	-1	1	1	0	1	0	0	-1	-1	1	0	1	-1	-1	-1	1	-1	-1	-1	1	1	1	0	0	0	1	1	0	-1	0	0	-1	-1	-1	1	-1	0	0	0	1	-1	-1	0	1	-1	0	0	-1	1	0	-1	-1	0	-1	-1	-1	0	-1	-1	0	1
GAPDH	1	-1	1	0	1	1	-1	1	0	-1	-1	0	0	0	0	0	1	-1	0	1	-1	-1	1	-1	1	0	-1	-1	-1	1	0	1	0	0	0	0	1	-1	-1	0	1	1	0	0	0	1	0	0	-1	1	1	1	1	-1	0	0	0	-1	-1	0	0	1	-1	-1	1	1	0	0	-1	-1	-1	1	1	0	1	-1	0	0	0	0	1	-1	1	-1	-1	-1	-1	0	-1	0	-1	1	-1	-1	1	-1	0	0	1	0	-1	-1	0	-1	1	-1	1	0	0	-1	0	0	0	0	0	1	1	0	0	1	-1	1	0	1	1	1	0	0	0	0	1	0	1	1	1	1	0	0	-1	-1	-1	1	-1
GATA3	-1	-1	1	0	-1	-1	-1	-1	0	1	0	1	1	-1	-1	-1	0	-1	0	1	-1	-1	0	0	0	-1	0	0	1	0	-1	0	0	0	0	1	-1	-1	-1	-1	1	-1	-1	1	0	-1	1	0	-1	1	1	1	-1	-1	-1	0	1	1	1	1	0	-1	0	1	-1	0	-1	1	1	0	0	1	-1	1	-1	0	0	1	1	1	1	0	1	-1	-1	-1	-1	0	0	0	0	-1	0	0	-1	-1	-1	1	1	-1	-1	-1	-1	-1	1	-1	0	1	-1	0	-1	0	-1	-1	1	-1	-1	1	1	-1	-1	1	1	1	-1	1	1	0	0	1	-1	-1	-1	1	0	-1	0	-1	-1	-1	1	-1	0
GSK3A	0	0	1	1	0	0	0	0	1	0	1	0	0	0	-1	0	-1	0	0	0	0	-1	0	0	1	-1	-1	-1	0	0	0	0	0	-1	0	0	1	0	1	0	0	-1	0	1	1	0	0	-1	0	0	0	1	0	-1	0	1	0	0	-1	1	0	0	-1	0	0	1	0	1	0	0	-1	0	-1	0	-1	-1	-1	1	0	0	0	0	-1	0	-1	0	1	0	0	0	0	1	-1	0	0	0	-1	0	1	0	0	-1	0	0	0	0	0	0	0	0	-1	0	-1	0	-1	-1	0	0	0	0	-1	0	0	0	0	0	0	0	-1	0	0	0	-1	1	0	0	0	0	0	0	0	0	0
GSK3B	1	0	0	0	0	-1	0	0	-1	-1	0	0	0	0	1	1	0	0	0	-1	-1	-1	-1	1	1	0	0	0	1	0	0	0	0	0	0	0	-1	0	0	0	-1	0	1	1	1	0	0	0	0	0	0	0	0	0	0	0	0	0	0	-1	1	0	1	1	-1	0	0	0	0	0	0	0	0	0	-1	1	0	0	-1	-1	0	1	1	-1	0	0	0	0	0	0	0	0	1	1	1	0	0	-1	0	1	0	1	1	0	0	0	0	0	0	1	0	-1	1	0	1	-1	0	1	0	-1	0	0	-1	-1	0	0	0	-1	0	-1	-1	0	-1	0	-1	0	0	-1	-1	0	0	0	-1
HSPA1A	0	-1	0	0	0	-1	1	-1	1	1	0	0	1	0	-1	0	-1	0	1	1	1	0	0	0	0	1	-1	-1	-1	0	1	1	0	0	-1	0	-1	0	0	-1	0	1	0	1	1	0	0	0	0	0	-1	0	1	-1	0	1	-1	-1	-1	0	0	-1	1	-1	0	0	0	0	-1	0	-1	0	-1	1	-1	0	0	1	0	0	0	0	0	0	-1	-1	0	0	0	1	0	-1	0	1	-1	0	0	-1	-1	1	1	1	1	-1	-1	0	1	1	0	1	0	-1	0	0	0	-1	1	0	0	-1	-1	0	1	1	-1	0	0	0	1	0	-1	1	1	0	1	1	1	1	0	0	0	-1	0
IGFBP2	1	1	1	-1	1	1	-1	0	-1	-1	-1	0	0	1	1	1	-1	-1	-1	1	1	1	1	-1	1	-1	-1	-1	-1	1	-1	1	0	1	1	1	0	-1	-1	1	1	1	-1	-1	0	0	-1	1	-1	-1	1	-1	-1	1	-1	-1	1	0	-1	-1	-1	1	1	1	0	-1	-1	1	-1	1	1	-1	1	0	-1	-1	-1	-1	1	1	0	0	-1	-1	0	1	-1	-1	1	1	-1	-1	-1	1	1	1	1	0	1	-1	-1	-1	0	1	0	-1	1	0	1	-1	-1	1	-1	1	-1	1	-1	1	-1	0	1	0	0	1	1	1	-1	-1	1	-1	0	1	0	0	-1	1	0	-1	1	-1	-1	-1	1
INPP4B	-1	-1	0	0	-1	-1	0	-1	0	1	1	1	0	-1	1	0	1	1	-1	-1	-1	1	1	0	1	-1	1	1	0	-1	0	-1	1	0	-1	-1	-1	0	-1	1	-1	-1	-1	1	1	0	0	-1	1	1	1	-1	-1	1	1	-1	-1	0	1	-1	0	0	1	-1	1	0	-1	-1	1	1	0	-1	1	-1	0	1	1	-1	0	1	-1	1	-1	-1	1	-1	0	0	1	1	-1	0	0	1	1	1	1	1	-1	-1	-1	0	1	1	0	1	0	-1	-1	1	1	1	0	-1	1	0	-1	1	0	-1	1	-1	-1	1	1	-1	-1	-1	0	-1	-1	0	-1	-1	-1	-1	0	0	1	1	0	0	1
IRS1	0	-1	0	1	-1	-1	0	-1	-1	1	1	0	0	1	1	1	-1	0	-1	-1	0	0	-1	0	0	-1	0	1	1	1	0	1	1	1	1	-1	0	0	-1	1	-1	-1	-1	1	1	-1	1	-1	-1	0	1	0	0	1	-1	-1	0	-1	-1	-1	1	1	1	1	1	0	1	0	1	1	1	0	1	0	0	-1	-1	-1	-1	0	1	1	-1	0	1	0	1	-1	0	-1	-1	-1	0	1	-1	1	1	0	-1	-1	0	-1	1	1	-1	0	-1	1	0	-1	0	-1	-1	0	1	-1	1	1	0	-1	-1	1	0	0	1	-1	-1	0	-1	-1	1	1	-1	0	0	0	-1	1	1	-1	-1	0	1
ITGA2	-1	1	0	-1	0	-1	0	-1	0	0	0	0	1	0	0	0	1	-1	1	0	-1	-1	1	-1	1	-1	1	1	1	0	0	-1	1	0	0	-1	-1	-1	-1	1	1	0	1	0	0	0	0	1	-1	0	1	0	1	0	-1	0	0	-1	0	0	1	1	-1	1	1	0	1	-1	1	1	1	0	1	0	0	1	1	-1	0	0	1	1	0	0	1	1	-1	0	0	0	0	1	-1	1	1	-1	0	1	-1	0	1	1	1	1	-1	0	1	1	-1	1	1	-1	1	-1	1	-1	0	1	0	-1	-1	1	1	0	1	0	-1	-1	-1	-1	-1	1	-1	0	-1	-1	-1	-1	-1	-1	-1	-1	0
KDR	-1	-1	1	0	0	0	1	-1	0	1	0	0	1	0	-1	0	1	1	0	-1	0	1	1	0	1	-1	1	1	1	-1	1	-1	1	0	-1	0	-1	1	0	1	-1	0	1	1	1	0	-1	-1	0	0	1	-1	0	1	1	0	0	0	1	0	0	1	1	0	-1	-1	1	0	0	1	0	-1	1	0	0	1	0	0	0	1	-1	1	0	0	1	0	0	0	1	1	0	1	0	1	0	-1	1	1	0	-1	0	1	1	1	-1	1	0	1	-1	0	1	0	-1	0	0	0	-1	1	0	0	0	-1	-1	-1	1	0	-1	-1	0	-1	-1	0	-1	0	-1	-1	0	-1	-1	0	1	0	1
KIT	1	1	0	-1	1	-1	0	1	1	1	1	1	-1	1	-1	0	-1	-1	-1	0	1	-1	1	1	-1	1	-1	-1	-1	0	1	-1	0	-1	1	0	1	0	1	1	1	1	0	1	0	1	-1	1	-1	0	0	-1	1	-1	-1	0	-1	1	1	0	-1	0	1	1	-1	1	1	1	-1	1	1	-1	-1	-1	1	-1	-1	-1	-1	1	1	1	0	0	1	0	-1	-1	0	-1	1	1	0	-1	-1	0	-1	-1	0	-1	1	0	-1	0	1	1	-1	0	-1	-1	1	-1	0	-1	-1	-1	1	1	0	0	0	1	-1	-1	1	1	-1	0	-1	-1	-1	1	-1	-1	-1	-1	-1	-1	1	-1	1	-1	1
LCK	0	-1	0	1	1	-1	1	0	0	1	1	0	1	-1	-1	-1	0	1	0	-1	0	-1	-1	-1	-1	-1	0	1	-1	1	-1	-1	0	-1	-1	-1	1	1	1	1	-1	0	0	-1	-1	0	1	0	1	1	-1	0	-1	1	1	0	-1	1	1	1	-1	0	0	-1	1	1	1	0	1	-1	1	0	-1	0	1	0	0	-1	0	1	-1	0	-1	0	1	0	1	1	1	-1	0	-1	0	-1	0	0	0	1	0	0	0	-1	-1	1	0	1	-1	0	-1	1	1	1	-1	-1	-1	-1	-1	0	1	1	1	0	1	-1	1	1	1	1	0	0	1	0	-1	0	1	-1	0	1	-1	1	1	1	1
MAP2K1	1	-1	-1	0	0	0	0	0	1	0	0	0	0	0	0	0	0	1	0	-1	-1	0	0	0	0	0	0	1	0	0	0	0	1	0	-1	-1	0	0	0	1	-1	0	0	0	0	0	0	0	0	0	-1	-1	0	0	0	1	-1	0	0	-1	0	0	0	0	1	0	0	-1	0	0	-1	0	0	0	0	1	1	0	-1	0	0	0	-1	1	0	1	-1	0	0	0	0	0	1	0	0	-1	1	0	1	1	1	1	0	0	0	0	1	0	-1	0	-1	0	0	0	1	0	0	-1	0	0	1	0	0	-1	1	0	0	0	0	1	0	0	0	0	-1	0	0	0	0	0	0	0	0
MAPK1	1	0	-1	-1	0	0	0	-1	1	0	0	0	0	0	0	0	1	0	-1	-1	0	-1	0	0	0	0	0	1	0	0	0	0	0	0	0	0	-1	0	0	0	0	1	0	0	0	0	-1	0	0	0	0	-1	1	0	0	0	0	0	0	-1	0	1	1	0	0	-1	0	-1	1	0	0	0	1	0	-1	1	-1	0	-1	0	0	1	0	0	0	1	0	0	0	-1	0	0	1	1	0	1	0	0	0	0	1	1	1	1	0	1	0	1	0	0	-1	0	1	0	1	-1	-1	0	0	0	0	1	-1	0	0	0	-1	-1	0	0	-1	0	-1	0	-1	-1	0	0	0	0	-1	-1	0
MAPK14	0	0	-1	0	0	-1	0	-1	0	0	0	0	0	0	1	0	1	1	0	-1	0	0	0	1	0	0	0	1	1	-1	0	0	0	0	1	0	0	0	-1	0	-1	0	0	0	1	-1	0	1	0	-1	-1	-1	0	1	0	0	1	0	0	-1	0	0	1	0	0	0	0	-1	0	0	0	0	1	0	0	1	0	0	-1	0	-1	0	0	1	0	0	0	0	0	0	1	0	1	1	0	1	0	0	-1	0	1	1	0	0	-1	1	0	0	0	0	0	-1	0	0	0	0	0	0	0	0	0	0	0	-1	0	0	-1	0	-1	-1	0	0	-1	0	-1	0	0	0	0	0	0	0	0
MAPK9	0	1	0	0	1	-1	-1	0	0	0	0	-1	0	0	-1	-1	0	0	1	0	-1	0	-1	0	0	-1	1	0	0	0	0	0	0	-1	-1	-1	-1	0	0	0	0	0	-1	-1	1	0	1	1	0	1	-1	-1	0	1	0	0	-1	-1	0	0	0	1	1	0	0	1	0	-1	0	0	-1	1	0	0	0	1	0	-1	-1	0	0	0	0	1	0	0	1	0	0	-1	0	-1	0	0	0	0	1	1	1	1	0	0	1	1	0	0	0	0	-1	1	0	0	0	-1	0	-1	-1	1	0	0	0	0	0	0	0	0	1	0	0	1	0	0	-1	0	0	0	0	0	0	1	0	0	0
MRE11	1	1	-1	-1	0	-1	0	0	0	0	1	0	-1	0	0	-1	1	0	0	-1	-1	-1	1	0	0	-1	1	0	1	0	-1	-1	0	1	1	-1	0	1	0	0	1	1	0	-1	0	1	1	0	0	0	0	-1	0	0	0	0	1	0	0	0	1	0	1	1	0	0	0	0	0	0	0	0	0	0	1	0	0	1	-1	0	-1	1	1	1	1	0	1	0	-1	-1	0	1	0	0	0	1	-1	0	1	0	0	0	0	1	0	0	-1	0	0	1	1	0	0	0	0	-1	1	0	0	-1	0	1	-1	0	-1	1	0	0	0	1	0	-1	-1	-1	0	-1	-1	0	0	-1	0	0	0
MS4A1	-1	-1	1	1	0	-1	1	-1	1	1	1	-1	-1	-1	-1	-1	1	1	-1	-1	1	-1	-1	-1	-1	-1	1	1	-1	0	-1	-1	1	-1	-1	-1	1	1	-1	1	-1	1	-1	-1	0	-1	-1	-1	1	1	-1	-1	-1	1	-1	-1	-1	1	1	1	-1	1	0	-1	1	1	1	0	1	-1	1	-1	-1	1	1	1	1	0	1	1	-1	-1	-1	0	1	-1	1	0	1	-1	1	1	-1	1	1	0	-1	1	-1	-1	0	-1	-1	1	1	1	-1	0	-1	1	1	1	0	-1	-1	-1	-1	1	-1	-1	1	1	1	-1	1	-1	-1	1	1	0	1	0	-1	1	1	-1	1	1	0	1	1	1	1
MSH2	1	1	-1	-1	1	0	0	1	0	-1	0	0	0	0	1	0	1	0	-1	-1	0	-1	1	0	0	0	0	0	1	-1	-1	-1	0	0	1	0	-1	-1	0	-1	0	1	1	-1	0	1	-1	1	0	0	0	0	0	0	0	0	1	1	0	1	1	0	1	0	-1	0	0	0	0	1	-1	0	1	0	0	1	-1	1	-1	0	-1	0	1	1	0	0	1	0	0	-1	1	1	0	-1	1	1	-1	1	0	1	0	1	-1	-1	1	0	0	0	1	1	0	0	0	0	-1	0	0	0	-1	1	0	0	-1	-1	1	1	0	-1	0	0	0	0	-1	0	0	0	-1	0	1	0	0	0	-1
MSH6	1	1	0	-1	1	0	0	0	0	0	0	0	0	0	1	0	0	0	0	0	0	-1	1	-1	0	0	0	0	0	-1	0	-1	0	0	1	0	0	-1	0	-1	-1	0	0	-1	0	1	0	1	-1	-1	0	0	0	0	0	0	1	1	0	0	1	0	1	0	-1	0	0	0	0	0	-1	0	1	0	1	1	-1	0	0	-1	-1	0	0	0	0	0	1	0	0	-1	1	0	1	-1	1	1	-1	0	1	1	0	1	-1	-1	0	-1	0	-1	1	1	0	-1	0	0	0	-1	1	0	-1	1	0	0	-1	-1	1	1	0	-1	0	0	1	0	0	0	-1	0	-1	0	0	0	0	-1	0
MTOR	1	0	-1	0	0	0	0	0	0	0	0	0	0	0	0	1	0	0	0	-1	0	-1	1	0	0	0	0	0	1	1	-1	-1	0	1	0	-1	0	0	-1	-1	-1	0	1	1	0	0	0	-1	1	-1	0	0	0	1	1	1	0	1	0	0	0	-1	1	0	0	-1	0	0	0	0	-1	0	0	0	0	1	1	0	-1	-1	-1	0	0	0	0	0	0	1	1	-1	0	0	0	0	1	1	0	1	0	0	0	0	1	1	-1	0	0	1	0	1	0	-1	0	0	0	-1	1	1	0	0	0	0	0	-1	1	0	-1	-1	0	-1	0	1	-1	-1	0	-1	-1	0	1	0	0	0	0
MYC	1	0	-1	0	0	0	1	0	0	1	0	1	-1	-1	1	1	0	-1	1	1	1	-1	0	0	0	1	-1	-1	-1	0	1	-1	0	1	0	0	1	0	-1	-1	1	1	1	-1	0	0	1	0	-1	0	0	-1	-1	-1	0	1	0	0	0	0	0	-1	0	1	0	0	1	1	0	0	-1	0	0	-1	1	-1	0	-1	-1	0	1	1	1	1	0	1	1	0	0	-1	-1	1	0	-1	-1	0	-1	-1	1	0	-1	-1	-1	-1	1	0	0	-1	1	-1	0	-1	0	0	1	1	0	-1	-1	0	-1	1	0	-1	0	1	0	0	-1	1	1	0	-1	0	1	1	0	1	1	0	0	1	0
MYH11	-1	-1	1	1	1	0	-1	-1	1	1	0	0	1	1	-1	-1	0	1	1	-1	1	1	1	1	1	1	0	1	1	0	1	1	1	-1	-1	-1	1	1	1	0	-1	0	-1	1	1	-1	-1	1	-1	1	1	1	1	1	-1	-1	-1	-1	0	-1	1	1	0	-1	1	-1	1	-1	1	1	1	-1	1	1	-1	-1	0	-1	1	1	-1	1	-1	-1	1	0	-1	-1	1	-1	1	0	-1	1	0	1	1	-1	-1	-1	-1	1	1	1	0	1	-1	-1	0	0	1	1	-1	1	1	-1	-1	1	-1	-1	-1	1	1	0	0	0	-1	-1	1	-1	-1	1	-1	-1	-1	-1	1	0	-1	1	0	-1	1
NF2	0	0	1	0	0	1	0	1	1	0	-1	0	-1	-1	0	0	0	0	-1	0	0	0	0	0	1	-1	0	0	0	-1	-1	0	0	0	0	0	0	0	1	1	0	1	0	1	1	0	1	-1	0	0	0	1	0	0	-1	0	0	0	0	-1	0	0	0	1	0	0	1	0	0	1	-1	1	0	0	-1	-1	0	0	0	0	0	0	0	-1	0	0	-1	0	0	0	0	0	0	0	0	0	-1	1	0	1	0	1	1	1	0	1	0	0	1	0	-1	0	0	0	1	-1	-1	0	0	0	0	0	0	0	0	0	-1	-1	0	1	0	0	0	1	0	0	0	0	0	0	0	0	0
NOTCH1	1	-1	-1	-1	1	0	1	-1	-1	0	1	0	0	0	1	1	-1	0	1	1	1	-1	-1	0	1	1	-1	0	-1	1	1	-1	1	1	0	0	0	1	-1	0	0	1	-1	0	0	-1	-1	1	0	-1	1	-1	-1	1	-1	0	-1	-1	1	0	-1	1	0	1	0	-1	1	0	0	1	0	-1	1	0	-1	1	1	0	0	0	0	0	-1	1	0	0	1	-1	-1	-1	-1	0	0	0	0	0	-1	0	0	0	0	1	0	0	-1	1	0	0	-1	0	-1	-1	0	0	1	0	1	-1	0	1	-1	0	0	0	1	0	-1	-1	0	-1	0	1	0	-1	1	0	1	1	0	1	1	1	0
NRAS	-1	1	-1	-1	0	0	1	0	0	0	0	-1	0	0	0	1	1	1	0	-1	-1	-1	0	0	0	0	-1	0	1	0	0	-1	0	1	1	0	0	-1	0	0	0	1	0	-1	0	0	0	-1	0	0	-1	-1	1	0	-1	1	1	1	0	0	-1	0	-1	1	-1	0	0	-1	0	0	-1	0	1	0	1	0	0	-1	0	-1	-1	0	0	0	1	-1	-1	0	0	-1	0	0	1	-1	-1	1	-1	0	0	1	0	0	0	0	0	0	-1	1	1	-1	1	-1	-1	-1	1	0	1	0	-1	-1	0	-1	0	-1	0	1	0	0	0	-1	0	0	-1	-1	-1	0	-1	0	1	-1	0	0	-1
NRG1	-1	-1	-1	0	1	0	-1	-1	0	1	1	1	-1	0	-1	1	1	1	-1	-1	1	-1	-1	-1	1	-1	0	1	1	1	1	-1	1	-1	-1	1	-1	-1	-1	-1	1	-1	-1	1	-1	-1	-1	-1	-1	0	1	1	1	1	-1	1	1	-1	-1	1	1	0	-1	-1	1	0	0	-1	1	1	1	1	1	1	1	-1	-1	-1	0	1	1	1	-1	0	-1	-1	-1	0	1	1	-1	1	0	1	-1	1	-1	-1	0	1	-1	1	1	1	1	-1	0	1	-1	-1	1	-1	-1	-1	1	-1	1	0	-1	-1	-1	-1	1	1	0	0	1	-1	-1	-1	-1	1	1	-1	-1	1	-1	1	-1	-1	1	-1	1
PARK7	0	-1	0	0	0	1	0	1	0	0	-1	0	1	0	-1	-1	-1	0	0	1	0	1	0	0	0	0	-1	0	0	0	-1	1	0	0	0	0	0	0	0	0	1	0	0	1	0	-1	0	-1	0	0	-1	0	0	-1	0	0	-1	0	0	0	-1	0	0	-1	1	0	0	0	1	0	0	0	-1	0	0	0	0	1	1	0	1	-1	-1	-1	-1	0	0	1	0	0	-1	0	0	0	0	-1	0	0	0	0	0	-1	0	0	0	0	0	0	-1	0	0	0	-1	0	1	1	0	0	0	0	0	-1	0	1	0	0	0	0	1	0	0	1	1	0	1	1	1	0	1	1	0	0	0
PARP1	0	1	0	0	1	1	0	1	1	0	1	0	-1	0	0	0	-1	0	1	0	1	0	1	0	-1	0	0	0	0	0	0	0	0	0	1	-1	0	0	0	-1	0	0	1	0	0	0	0	1	1	0	0	0	0	0	0	1	0	0	0	0	1	0	0	0	-1	0	1	1	0	0	0	1	0	0	0	0	0	-1	0	0	0	0	1	0	0	0	-1	1	0	-1	-1	0	0	0	1	1	0	-1	0	1	0	0	0	-1	0	0	-1	0	-1	0	0	-1	-1	-1	0	0	0	0	-1	1	0	-1	0	-1	0	0	-1	0	-1	0	0	0	0	0	0	-1	-1	0	0	0	1	0	0
PCNA	1	0	1	0	0	1	0	0	1	-1	0	0	0	-1	0	0	0	-1	0	-1	0	-1	0	0	0	0	-1	-1	-1	0	-1	-1	1	0	0	-1	0	-1	1	0	0	1	0	-1	0	1	0	1	0	0	0	0	0	0	1	1	0	1	-1	0	0	-1	-1	0	0	0	0	0	0	1	-1	0	0	0	0	0	1	0	0	1	0	1	0	-1	-1	0	0	1	0	0	0	0	1	0	1	0	-1	0	0	0	-1	-1	-1	-1	0	0	1	-1	-1	1	0	0	1	0	0	0	0	0	0	1	1	-1	0	-1	0	0	0	0	0	1	0	-1	0	0	0	0	0	1	0	1	-1	0	-1
PDCD4	-1	1	1	0	0	-1	0	0	1	1	1	1	0	-1	0	-1	-1	0	-1	1	0	-1	0	1	0	0	0	1	-1	0	-1	1	0	0	-1	1	-1	-1	1	-1	1	0	0	1	1	0	0	0	0	1	1	1	1	0	0	-1	0	0	0	-1	-1	0	0	0	-1	0	0	0	0	0	-1	-1	-1	-1	1	0	1	1	1	0	1	1	-1	0	0	0	-1	0	0	0	-1	0	1	-1	-1	-1	-1	1	1	-1	1	0	-1	-1	0	1	1	0	0	0	1	0	1	1	0	-1	0	1	-1	0	1	0	1	-1	-1	-1	0	0	0	-1	-1	0	1	0	-1	0	0	0	-1	0	1	0	-1
PDK1	1	0	-1	0	1	0	-1	0	0	1	0	0	-1	0	0	0	0	0	-1	0	0	-1	0	1	1	0	1	0	0	1	1	0	0	1	0	0	-1	1	0	0	-1	1	1	1	0	1	-1	1	-1	-1	1	0	1	-1	0	0	1	1	0	1	1	1	0	-1	0	-1	0	1	-1	0	-1	-1	0	1	1	0	0	-1	-1	0	0	-1	1	-1	1	0	1	0	0	-1	-1	0	0	1	1	0	1	0	1	0	1	0	-1	0	1	0	1	-1	1	0	1	0	-1	0	0	0	1	-1	1	0	1	0	-1	-1	0	0	0	1	0	0	-1	-1	0	0	-1	0	-1	-1	0	-1	-1	-1	1
PEA15	-1	-1	0	0	0	0	1	0	0	0	0	0	0	-1	0	0	0	1	0	0	0	0	0	1	1	-1	0	0	1	0	1	1	0	1	0	0	0	0	0	0	-1	0	-1	0	0	0	1	-1	0	1	0	0	1	0	-1	0	0	-1	0	0	0	0	0	0	0	0	0	0	0	0	1	-1	0	1	0	0	0	1	0	1	1	0	-1	0	0	-1	0	0	0	0	0	0	0	1	0	0	1	0	0	0	0	0	1	0	-1	1	0	0	0	0	0	0	-1	0	-1	-1	-1	0	1	-1	0	0	0	0	-1	0	0	0	0	0	-1	0	0	0	-1	0	0	0	-1	1	0	0	0
PECAM1	-1	-1	1	1	0	0	0	-1	0	1	0	0	0	-1	-1	-1	0	1	0	-1	0	1	0	-1	0	-1	0	0	0	-1	0	-1	0	-1	-1	-1	0	1	0	1	-1	-1	0	0	0	-1	-1	-1	1	0	1	0	-1	1	0	0	0	0	1	1	-1	0	0	-1	1	0	0	-1	1	1	0	-1	1	0	-1	0	0	0	1	1	-1	0	-1	0	1	0	0	1	1	0	0	1	0	1	0	-1	1	0	-1	0	0	0	0	0	0	1	0	0	-1	1	0	1	-1	-1	0	-1	-1	0	0	-1	1	0	0	0	0	0	0	1	1	0	0	1	0	1	0	-1	1	0	-1	1	0	0	1
PGR	-1	-1	0	1	0	-1	0	-1	1	1	1	0	0	0	-1	-1	1	1	0	-1	1	-1	1	1	1	0	0	1	1	-1	1	-1	1	1	-1	-1	0	1	-1	1	-1	-1	-1	1	1	-1	-1	-1	-1	1	1	1	-1	1	0	0	-1	-1	0	-1	1	1	0	-1	1	0	1	-1	1	1	1	0	1	1	-1	-1	-1	0	1	1	-1	1	-1	0	1	0	0	0	1	1	1	0	-1	1	-1	0	1	1	-1	-1	0	1	1	1	1	1	-1	0	-1	0	1	1	-1	-1	1	-1	-1	1	0	-1	1	0	1	-1	-1	1	-1	0	-1	-1	-1	0	-1	-1	-1	-1	0	1	-1	1	0	0	1
PIK3CA	-1	1	1	-1	0	-1	0	0	0	0	1	0	0	0	0	1	1	1	-1	-1	-1	-1	0	0	0	0	0	1	1	0	0	-1	0	1	1	0	0	0	0	0	-1	0	0	-1	0	0	0	1	0	0	-1	-1	0	1	-1	0	0	1	1	0	0	0	1	0	-1	-1	0	0	0	0	0	0	0	0	0	1	1	0	0	-1	0	0	0	1	1	0	0	0	0	-1	0	0	0	0	0	0	-1	1	0	0	1	0	1	1	0	0	0	1	0	0	0	-1	0	0	0	0	1	0	-1	0	0	1	-1	0	0	0	0	-1	0	-1	-1	-1	-1	-1	-1	0	-1	-1	0	-1	1	0	0
PIK3R1	-1	0	1	1	-1	-1	-1	1	0	0	-1	0	0	1	1	-1	0	1	-1	0	-1	1	0	-1	-1	0	1	1	0	0	-1	-1	1	0	0	1	-1	-1	0	0	-1	-1	-1	-1	0	0	0	1	1	-1	-1	1	0	0	1	0	0	-1	0	0	1	0	-1	1	-1	0	0	-1	0	1	0	-1	-1	0	-1	0	1	-1	-1	1	0	1	-1	-1	0	0	-1	-1	0	1	1	1	0	0	1	0	0	1	-1	1	-1	1	-1	0	1	0	0	0	-1	1	1	0	1	-1	0	-1	0	0	1	1	0	0	-1	1	-1	-1	1	-1	-1	0	0	0	-1	1	-1	0	-1	-1	-1	-1	0	-1	1
PIK3R2	1	0	1	0	0	1	-1	1	1	-1	0	0	0	1	0	0	0	-1	0	1	0	0	0	-1	-1	0	0	0	-1	0	0	0	0	-1	-1	0	1	-1	0	0	1	-1	1	0	1	0	0	0	0	0	0	1	0	-1	1	0	1	0	-1	0	0	0	-1	-1	0	1	0	1	-1	1	0	0	-1	0	0	-1	-1	0	1	0	0	0	0	-1	-1	0	0	-1	0	1	0	0	0	0	1	0	0	0	0	0	0	0	-1	-1	0	0	0	1	0	0	0	0	0	-1	1	0	1	1	0	1	0	0	-1	1	0	0	1	0	-1	0	1	0	-1	0	1	-1	0	0	0	0	0	0	0
PRDX1	-1	-1	0	0	0	0	0	1	0	0	-1	0	1	-1	0	-1	0	0	0	1	0	0	0	0	0	0	0	0	0	0	-1	1	-1	1	-1	0	0	0	1	0	-1	1	0	-1	-1	0	0	0	0	1	0	1	-1	-1	0	0	0	0	0	0	0	0	-1	0	0	0	0	-1	0	0	0	0	-1	0	0	-1	0	1	0	0	0	-1	0	0	-1	0	0	0	0	0	0	0	0	-1	0	-1	0	-1	0	0	0	0	-1	0	1	0	0	0	-1	0	0	1	-1	0	0	1	-1	0	0	1	-1	0	0	1	0	0	0	0	0	0	-1	-1	1	1	0	0	0	-1	0	0	0	0	-1
PREX1	0	-1	0	1	1	-1	1	-1	0	1	1	-1	-1	1	0	0	0	1	1	-1	1	1	0	-1	0	-1	0	0	0	0	0	0	0	1	-1	-1	1	1	-1	0	0	-1	-1	-1	0	-1	-1	-1	1	0	0	-1	-1	1	0	1	-1	0	1	0	-1	1	-1	-1	0	0	1	-1	1	0	0	0	0	-1	0	1	0	1	1	1	-1	1	1	0	1	0	0	0	1	0	0	-1	0	0	0	1	0	0	-1	-1	0	1	0	1	-1	0	-1	0	-1	0	1	1	-1	-1	-1	-1	-1	1	1	-1	1	-1	1	-1	0	1	1	0	1	-1	-1	0	-1	-1	1	-1	0	1	-1	0	0	1	1
PRKAA1	0	0	0	0	0	-1	0	1	-1	0	0	-1	-1	1	-1	0	1	0	-1	-1	0	0	-1	0	0	0	1	1	0	0	0	0	1	1	0	0	0	1	0	0	0	-1	1	0	1	1	0	1	0	-1	0	-1	0	1	0	0	-1	1	0	-1	1	0	0	1	0	0	0	0	0	0	0	0	0	-1	0	1	0	-1	-1	0	0	1	-1	1	1	1	-1	-1	0	1	1	0	1	0	-1	0	1	0	0	0	0	1	1	1	0	1	1	0	0	0	0	0	1	0	1	0	0	0	0	0	0	0	0	-1	0	0	-1	0	0	-1	-1	1	-1	-1	-1	-1	0	0	-1	-1	0	-1	0
PRKCA	0	0	0	1	1	-1	0	-1	1	1	-1	1	-1	1	-1	1	0	1	1	-1	-1	1	0	-1	1	-1	0	1	0	-1	0	1	-1	-1	1	-1	1	0	-1	-1	0	0	-1	-1	1	1	1	-1	-1	1	-1	-1	1	1	-1	1	-1	0	1	-1	1	1	1	0	0	-1	-1	-1	0	0	0	1	1	0	0	1	0	-1	-1	-1	1	-1	0	-1	0	0	1	1	1	-1	0	0	-1	0	0	0	-1	0	0	1	1	1	1	1	1	0	-1	-1	-1	0	0	0	0	1	1	0	1	-1	-1	-1	0	-1	1	1	1	1	-1	-1	1	-1	-1	1	0	1	0	-1	-1	1	-1	0	-1	1	1
PTEN	0	0	1	0	0	1	1	0	-1	1	1	-1	-1	-1	0	0	1	1	0	1	0	-1	0	1	-1	0	1	1	1	-1	0	0	-1	1	0	1	0	0	-1	1	-1	-1	1	0	0	0	-1	-1	0	-1	0	0	0	0	-1	1	-1	-1	1	1	-1	0	-1	1	0	1	0	0	1	0	0	-1	1	-1	1	-1	1	1	1	1	1	0	0	1	1	0	0	1	0	0	-1	1	1	0	1	1	0	0	-1	0	0	0	1	0	-1	0	1	1	0	-1	1	0	0	-1	1	-1	1	1	-1	-1	1	1	0	1	0	-1	-1	1	0	-1	0	0	0	0	0	0	0	0	-1	0	1	0	0
PXN	0	-1	-1	0	-1	1	0	1	0	0	0	-1	0	0	0	0	0	0	0	0	-1	0	0	0	1	-1	1	0	-1	0	0	0	0	0	0	0	-1	0	0	1	0	0	0	-1	1	0	0	-1	0	0	0	1	1	1	-1	0	0	0	0	-1	0	0	0	0	1	0	-1	0	0	0	0	0	0	1	0	1	0	-1	1	0	0	0	0	0	0	-1	-1	0	0	1	1	0	0	0	0	0	1	0	1	0	0	0	1	0	0	-1	0	0	1	0	0	1	-1	-1	1	0	0	0	1	0	0	-1	0	1	0	0	0	-1	1	-1	1	1	0	1	0	0	0	0	-1	0	0	-1	1
RAB11A	1	0	0	0	0	0	0	1	0	0	0	0	0	0	0	-1	1	0	0	-1	0	-1	1	1	1	-1	1	1	0	0	0	-1	1	0	0	0	0	0	0	0	-1	0	0	0	0	0	0	0	0	1	0	0	-1	0	0	0	0	0	0	0	-1	-1	0	0	0	-1	0	0	-1	0	0	0	1	0	0	1	1	0	0	0	0	0	0	1	0	1	-1	0	-1	1	0	1	1	0	0	0	0	0	1	0	0	0	1	0	0	0	1	0	0	0	-1	1	1	0	1	1	1	0	0	0	0	0	-1	0	0	0	0	0	1	0	0	0	1	-1	-1	1	0	-1	0	1	0	-1	-1
RAB11B	-1	0	0	0	0	1	-1	-1	0	0	1	1	0	1	0	0	-1	-1	0	0	0	1	1	0	0	0	-1	0	-1	0	0	1	0	-1	1	0	0	0	0	0	0	1	1	1	1	0	0	1	0	1	0	1	0	-1	0	1	0	0	-1	0	-1	-1	-1	0	0	0	0	1	0	0	0	-1	-1	0	0	-1	0	0	0	0	0	0	0	-1	-1	0	0	0	0	1	0	-1	-1	0	0	0	0	-1	0	0	0	0	0	-1	-1	0	0	-1	0	-1	-1	0	1	0	0	1	1	0	0	0	-1	0	0	0	1	0	0	0	0	0	1	0	1	1	0	1	1	0	0	-1	0	1	1
RAB25	-1	0	1	0	1	0	1	1	-1	-1	0	1	1	0	0	0	-1	-1	0	1	1	-1	1	1	1	1	-1	-1	1	0	0	-1	1	-1	-1	1	1	0	1	0	0	0	-1	1	0	0	0	0	-1	1	1	1	0	-1	1	-1	1	0	-1	1	-1	-1	-1	0	-1	0	0	1	0	-1	1	-1	0	1	0	-1	1	1	1	-1	1	0	0	0	0	1	-1	-1	-1	0	-1	1	0	0	0	0	0	-1	-1	0	-1	0	-1	0	0	1	1	-1	1	1	-1	-1	1	0	-1	1	-1	0	0	1	0	1	-1	1	0	-1	1	-1	0	1	-1	1	1	-1	0	1	0	-1	1	1	0	0	0
RAD50	-1	0	-1	0	0	-1	0	-1	0	0	0	0	0	0	0	0	1	1	0	1	0	0	1	-1	0	1	1	0	0	0	-1	0	-1	0	-1	-1	-1	0	0	-1	0	1	0	-1	0	0	0	0	0	0	-1	-1	0	0	1	0	-1	1	1	0	0	0	0	1	0	0	0	-1	0	0	0	1	0	0	1	1	1	0	-1	0	0	1	0	1	0	0	0	0	0	-1	0	0	0	0	0	1	0	0	1	0	0	0	0	0	-1	1	0	0	0	1	1	-1	1	0	0	-1	0	1	0	0	1	0	0	-1	0	0	0	-1	-1	0	0	-1	-1	-1	-1	-1	-1	-1	1	-1	0	-1	-1
RAD51	0	1	-1	-1	0	0	0	1	1	0	0	0	-1	0	0	0	0	0	1	0	1	-1	-1	-1	1	0	-1	-1	0	0	0	-1	0	1	-1	-1	0	0	-1	0	0	1	0	-1	0	0	0	-1	-1	0	1	0	-1	-1	1	0	0	0	0	0	1	0	-1	0	1	0	1	0	0	0	-1	0	0	1	0	-1	1	-1	0	0	-1	-1	1	1	0	0	1	0	-1	0	0	0	1	0	1	-1	1	0	1	1	0	0	-1	-1	1	0	0	-1	-1	0	0	0	0	1	0	0	-1	0	0	0	-1	1	0	-1	0	1	1	1	0	1	0	0	0	1	1	-1	0	0	1	0	0	0	-1
RAF1	0	1	-1	0	1	-1	0	0	0	0	0	0	-1	0	0	0	0	0	0	0	0	-1	0	0	0	0	0	0	0	1	1	0	0	0	-1	0	0	0	0	0	0	0	0	0	0	0	1	0	0	0	0	0	-1	-1	0	0	1	0	0	0	0	1	0	1	0	0	0	0	0	0	0	1	1	0	-1	-1	0	0	1	-1	0	0	1	0	0	0	0	0	0	0	1	0	0	0	0	0	0	1	0	1	0	0	0	0	1	0	0	0	0	0	0	0	1	0	-1	-1	0	0	0	1	0	0	0	0	0	1	0	0	0	1	0	1	0	1	0	-1	-1	0	0	0	0	0	0
RBM15	0	0	0	0	0	0	1	0	0	0	0	0	0	0	0	0	0	1	1	-1	0	-1	0	0	0	0	0	0	0	0	0	0	0	1	1	-1	0	0	0	-1	0	0	0	-1	0	1	0	0	0	0	-1	0	0	0	0	0	0	0	0	-1	0	-1	0	1	-1	0	0	0	1	0	-1	0	0	0	0	1	0	0	0	-1	-1	0	0	0	0	-1	1	0	0	0	0	1	0	-1	0	1	-1	0	0	0	-1	0	0	0	0	0	-1	0	0	0	0	0	0	-1	-1	0	1	0	-1	0	0	-1	0	0	0	0	0	0	-1	0	0	-1	0	0	-1	0	0	0	1	-1	1	1	0
RICTOR	0	0	-1	0	0	-1	0	0	-1	1	1	-1	-1	0	0	0	1	1	-1	-1	-1	-1	0	0	0	1	1	1	1	0	0	0	0	1	1	0	-1	0	-1	-1	-1	-1	1	-1	1	1	0	0	0	-1	0	-1	0	1	0	0	0	0	1	-1	1	0	1	0	-1	0	0	0	1	0	0	1	1	-1	1	1	0	-1	-1	0	-1	1	-1	0	1	0	-1	-1	0	1	-1	1	1	0	-1	1	0	1	0	0	0	0	1	1	-1	0	1	0	1	-1	1	0	1	0	0	0	1	1	-1	0	1	0	0	-1	0	-1	-1	0	-1	-1	-1	0	-1	-1	-1	-1	-1	0	-1	-1	0	0	0
RPS6	1	-1	0	1	0	1	0	1	0	1	0	0	1	-1	-1	0	0	0	0	1	-1	-1	0	-1	-1	1	-1	-1	0	-1	-1	-1	0	0	1	1	0	0	0	-1	1	0	-1	0	0	-1	0	0	-1	1	1	1	0	-1	-1	-1	-1	-1	-1	1	0	0	-1	0	0	1	-1	1	0	1	0	-1	1	-1	1	-1	-1	1	1	1	1	0	0	-1	0	1	1	1	0	0	-1	1	-1	-1	-1	-1	-1	-1	-1	1	0	-1	-1	-1	1	0	0	-1	1	-1	1	0	0	-1	0	1	1	0	0	0	0	1	-1	0	-1	-1	-1	0	1	1	1	-1	1	0	1	0	0	0	1	1	-1	0	0
RPS6KA1	0	-1	0	0	0	-1	0	1	0	0	0	-1	0	-1	1	0	0	0	0	1	0	-1	0	-1	1	1	-1	0	0	-1	-1	0	0	1	0	0	0	-1	-1	1	-1	0	1	1	0	-1	0	-1	1	-1	-1	1	1	0	1	0	0	0	0	1	1	0	0	-1	1	0	0	-1	0	0	-1	0	-1	0	-1	0	1	-1	1	0	-1	0	0	-1	0	0	0	1	1	0	0	-1	-1	0	1	-1	1	0	-1	0	-1	-1	0	1	0	0	0	1	0	1	0	1	0	1	1	0	0	-1	0	1	0	-1	0	0	0	0	1	0	1	0	0	-1	0	0	1	0	0	0	0	0	1	1	0
RPS6KB1	0	1	0	0	0	0	0	-1	0	0	0	0	-1	0	0	0	0	0	0	0	0	0	0	0	-1	0	1	0	0	0	0	0	-1	0	0	0	0	0	1	0	-1	0	0	-1	0	1	0	1	0	-1	0	0	-1	0	0	1	0	0	0	-1	0	0	1	1	0	-1	0	0	0	0	0	1	1	0	0	1	0	0	0	-1	1	1	0	0	0	0	0	0	0	0	1	0	0	0	0	0	0	0	-1	0	1	0	1	0	0	0	0	-1	0	0	0	0	0	0	-1	0	1	1	0	1	1	1	-1	0	1	0	0	-1	0	0	1	0	-1	0	0	-1	-1	-1	0	0	0	0	0
RPTOR	0	1	1	0	0	0	0	0	0	0	0	1	-1	0	0	1	-1	0	1	0	0	0	1	0	0	0	-1	0	-1	0	0	1	0	0	0	0	0	0	1	0	1	0	0	1	0	1	1	-1	0	0	0	0	0	0	0	1	0	0	0	0	0	1	0	0	0	0	0	0	0	0	-1	0	0	0	0	0	0	-1	0	-1	0	1	0	-1	0	0	0	0	1	-1	0	-1	0	0	0	1	0	0	-1	1	-1	1	1	0	-1	-1	0	-1	0	-1	-1	0	0	0	-1	-1	1	0	0	0	0	0	1	1	1	-1	-1	-1	0	0	1	1	-1	0	1	0	-1	0	0	0	0	1	0
SCD	0	0	-1	-1	-1	0	-1	1	1	-1	0	0	0	-1	1	0	1	0	-1	-1	-1	-1	0	-1	1	0	1	-1	0	1	1	1	0	1	0	-1	-1	-1	-1	-1	0	1	0	0	0	1	-1	0	0	1	1	1	0	0	1	-1	-1	-1	-1	-1	0	1	0	-1	1	0	1	-1	-1	1	-1	-1	0	1	-1	0	0	1	0	1	-1	-1	1	1	-1	1	0	0	-1	1	0	1	1	1	1	0	1	-1	1	1	1	1	-1	0	1	0	1	-1	0	1	-1	0	-1	1	1	-1	-1	0	1	-1	-1	1	0	1	1	0	0	-1	0	1	-1	0	0	0	-1	-1	1	-1	0	1	-1	0	-1
SERPINE1	1	-1	1	-1	-1	-1	0	-1	1	0	1	0	0	-1	0	-1	0	1	1	-1	1	1	0	1	1	1	1	1	1	1	1	0	1	-1	-1	-1	-1	1	-1	1	-1	0	0	-1	0	-1	-1	-1	1	1	1	0	1	0	-1	1	-1	-1	1	-1	0	0	1	0	1	-1	-1	-1	0	-1	0	-1	1	1	-1	0	1	0	0	1	0	-1	-1	0	1	1	0	0	0	1	0	0	-1	1	0	-1	1	-1	-1	-1	1	1	0	1	0	0	1	-1	-1	0	0	-1	-1	-1	1	-1	0	0	0	-1	0	0	0	1	0	0	-1	-1	1	0	-1	1	0	-1	0	0	1	1	-1	0	0	0	1
SMAD1	1	0	0	0	0	0	0	0	1	0	0	0	0	0	0	1	1	0	-1	-1	0	-1	0	0	0	0	1	1	1	0	1	-1	0	1	-1	1	-1	0	0	0	-1	-1	1	0	0	1	1	0	0	0	0	0	-1	0	-1	0	1	1	0	1	0	-1	0	0	0	-1	0	1	0	0	-1	1	0	-1	1	0	1	-1	-1	0	0	0	0	1	1	0	1	-1	0	1	0	0	0	0	0	0	0	0	1	1	-1	0	0	-1	0	0	0	-1	0	0	1	-1	0	-1	0	-1	1	1	-1	0	0	0	-1	-1	0	0	-1	0	-1	0	0	0	-1	-1	0	-1	-1	0	1	0	0	-1	0
SMAD3	1	-1	-1	0	0	-1	0	1	1	0	0	-1	0	1	0	-1	0	1	1	-1	-1	1	0	1	1	0	0	1	0	-1	0	1	1	0	0	-1	-1	1	0	1	-1	0	-1	-1	1	0	-1	0	1	0	0	0	1	1	-1	1	0	-1	0	0	-1	1	0	-1	0	-1	-1	1	1	1	0	1	0	-1	-1	1	1	0	0	0	-1	0	-1	1	0	0	0	-1	0	1	1	1	0	0	0	0	0	0	0	0	-1	1	1	1	-1	0	0	0	0	0	0	1	0	0	1	-1	1	0	0	0	0	0	0	0	0	0	0	-1	0	-1	1	0	0	-1	0	1	0	-1	0	1	-1	0	1
SMAD4	1	0	-1	-1	1	-1	0	-1	0	0	0	0	0	0	1	0	0	0	-1	-1	0	-1	0	-1	0	1	0	0	0	0	0	-1	0	0	0	0	0	0	0	-1	1	0	0	-1	1	0	0	1	0	0	-1	-1	1	0	0	1	1	0	0	1	0	1	0	0	-1	0	0	1	0	0	0	0	1	0	1	0	0	0	0	0	0	1	1	0	0	0	1	1	0	-1	0	0	-1	0	0	0	0	0	0	0	0	0	0	0	0	0	0	0	1	-1	0	-1	1	-1	0	-1	1	-1	0	1	0	0	-1	-1	1	0	-1	0	-1	0	0	0	-1	-1	-1	-1	-1	1	0	0	0	0	0
SQSTM1	-1	-1	0	0	0	-1	0	-1	0	0	0	0	0	0	-1	-1	0	0	1	1	0	1	-1	0	0	0	0	0	-1	0	0	0	0	1	-1	0	0	0	-1	1	0	0	0	0	0	0	1	0	0	1	-1	-1	-1	0	0	0	-1	-1	0	0	0	0	0	0	0	1	0	-1	0	-1	0	1	-1	0	0	0	0	0	0	0	0	-1	0	1	0	0	-1	0	0	-1	0	-1	0	-1	-1	0	1	1	1	1	0	-1	0	0	0	0	0	0	-1	0	-1	0	1	0	0	-1	-1	-1	0	-1	-1	-1	1	1	0	0	1	1	0	1	-1	0	0	1	1	0	0	0	0	0	1	-1	0
SRC	0	-1	-1	1	0	1	1	1	1	0	0	0	0	0	1	0	0	0	0	-1	1	0	-1	1	1	0	-1	0	-1	0	1	0	1	-1	0	0	1	1	0	1	-1	1	0	1	1	-1	0	-1	0	1	0	0	1	0	0	0	-1	0	-1	0	1	1	0	0	0	0	1	0	-1	0	0	-1	0	0	0	0	0	0	0	1	0	0	0	-1	-1	0	0	-1	1	1	-1	0	-1	1	1	0	0	-1	-1	-1	1	1	1	0	-1	-1	0	0	0	0	-1	0	-1	0	1	0	0	0	-1	-1	-1	0	1	1	0	0	0	0	-1	0	0	1	-1	0	0	-1	0	1	-1	-1	0	1	-1
SRSF1	1	1	0	0	0	0	0	0	0	0	0	0	0	0	0	0	0	0	0	0	0	-1	0	0	0	-1	0	0	0	0	0	-1	0	0	0	0	0	0	1	0	0	1	0	-1	0	0	0	1	0	0	1	0	0	0	0	0	0	0	0	0	0	0	0	0	0	0	0	0	0	0	0	0	0	0	0	0	0	0	0	0	0	0	0	0	0	-1	0	0	0	0	0	1	0	0	1	0	0	0	0	0	0	0	0	0	1	0	0	0	0	0	0	0	1	0	0	0	0	0	0	0	0	0	-1	0	0	0	0	0	0	0	0	0	-1	0	0	-1	0	0	0	0	0	0	0
STAT5A	-1	1	-1	1	-1	0	0	0	1	1	1	1	1	-1	0	1	0	1	0	1	1	0	0	1	1	0	-1	0	0	0	-1	-1	-1	-1	-1	1	0	1	1	-1	0	-1	1	0	0	-1	1	0	1	0	1	1	-1	0	1	0	0	1	1	1	-1	-1	0	1	0	0	0	-1	1	-1	0	1	-1	0	0	1	-1	-1	-1	1	1	0	0	0	1	0	0	0	1	-1	1	-1	1	-1	0	-1	0	1	-1	-1	1	-1	-1	0	0	-1	-1	1	-1	0	0	0	-1	1	-1	0	-1	-1	0	-1	0	0	1	-1	-1	1	1	0	0	0	-1	0	0	1	0	-1	0	1	1	0	0	1	0
STK11	-1	0	0	0	0	1	0	0	0	0	-1	0	0	-1	0	0	-1	0	1	1	0	1	-1	0	0	0	-1	-1	-1	0	0	0	1	0	-1	1	1	0	1	0	0	0	1	-1	0	-1	0	0	1	0	-1	0	-1	0	1	1	0	0	0	0	0	0	-1	0	1	-1	0	0	0	0	1	0	-1	1	0	-1	0	0	0	0	0	0	1	-1	-1	0	-1	0	1	1	1	-1	0	0	0	-1	1	-1	-1	0	0	0	0	-1	0	0	-1	-1	-1	0	-1	0	-1	0	0	1	0	0	-1	1	-1	-1	1	1	-1	0	0	1	0	1	1	1	1	1	1	0	1	0	0	0	0	1	1
STMN1	1	1	0	-1	1	1	1	0	0	0	1	0	0	0	-1	1	-1	-1	-1	1	0	-1	0	-1	-1	0	-1	-1	1	-1	-1	-1	0	0	0	-1	0	-1	1	-1	1	1	1	-1	0	0	-1	1	-1	0	0	1	0	0	-1	-1	0	1	0	1	1	0	0	0	0	-1	1	1	0	1	-1	-1	1	0	0	-1	0	0	0	0	-1	0	0	-1	-1	0	1	0	0	0	0	1	0	0	1	0	-1	0	-1	1	0	-1	-1	-1	0	0	0	0	0	1	0	0	0	-1	0	0	1	1	-1	1	-1	0	-1	0	0	0	-1	0	0	0	1	0	1	1	0	1	0	0	1	1	1	0	0
SYK	0	0	1	0	1	-1	-1	-1	-1	1	1	0	-1	-1	-1	0	0	1	1	-1	-1	0	0	-1	-1	-1	0	0	1	-1	-1	-1	0	0	-1	-1	1	0	1	0	0	0	-1	-1	0	0	0	0	0	0	-1	-1	1	1	0	0	-1	1	1	0	-1	0	-1	0	0	-1	0	-1	1	-1	-1	1	-1	0	-1	0	0	0	0	0	0	0	-1	0	1	0	0	1	1	-1	0	-1	1	-1	-1	1	0	0	-1	-1	0	-1	-1	0	-1	0	0	-1	-1	1	0	1	0	-1	-1	-1	-1	0	0	1	1	1	0	0	1	1	0	0	0	0	0	0	-1	-1	-1	0	-1	0	0	1	-1	0	1
TFRC	0	1	-1	-1	1	-1	0	1	1	0	-1	0	-1	1	0	1	1	1	1	0	-1	-1	0	0	0	0	1	-1	-1	0	0	0	1	1	-1	-1	0	0	-1	0	-1	1	1	-1	0	1	0	1	0	-1	-1	-1	0	1	0	1	-1	1	0	0	1	0	0	1	1	-1	1	-1	0	1	-1	1	0	0	-1	0	0	-1	-1	-1	-1	-1	1	1	0	0	-1	1	0	-1	0	-1	1	-1	0	1	0	0	0	1	1	1	0	0	1	0	1	-1	-1	0	-1	-1	1	0	1	0	1	0	0	0	0	1	0	-1	1	1	0	-1	1	0	-1	0	0	-1	0	0	0	-1	1	0	0	0	-1
TGM2	-1	-1	1	1	0	-1	1	1	1	1	0	-1	1	-1	-1	0	0	1	1	-1	0	1	1	0	0	-1	1	1	-1	1	0	-1	1	0	-1	-1	0	1	-1	1	-1	0	-1	-1	-1	1	1	-1	1	1	1	-1	-1	1	0	1	-1	1	1	0	-1	0	-1	-1	1	1	0	-1	1	-1	-1	1	-1	1	-1	1	0	0	-1	1	-1	0	-1	0	1	1	-1	1	1	1	0	-1	0	1	0	-1	1	1	-1	0	1	0	0	1	-1	0	-1	0	-1	1	0	-1	-1	-1	0	-1	-1	-1	1	-1	1	-1	1	1	1	-1	1	-1	0	1	-1	0	-1	1	0	-1	0	0	-1	0	0	1	1
TIGAR	1	0	-1	1	0	0	0	0	-1	0	0	0	-1	1	0	0	1	1	0	-1	-1	-1	0	-1	0	-1	1	0	0	0	1	-1	0	-1	-1	-1	1	0	0	1	1	-1	0	-1	-1	0	0	-1	0	-1	1	1	-1	0	0	1	0	0	0	0	0	1	0	0	0	1	0	0	0	0	0	1	0	-1	1	0	0	-1	0	0	-1	0	1	0	0	0	-1	0	0	0	0	0	0	-1	1	1	0	0	1	0	-1	-1	1	0	0	-1	0	0	0	0	1	1	-1	0	1	1	1	0	1	0	1	0	0	-1	0	1	1	1	0	0	-1	0	-1	0	-1	-1	0	0	0	-1	0	1	0
TP53	1	1	-1	-1	1	-1	1	-1	-1	1	1	1	1	-1	-1	0	-1	0	1	1	1	0	1	1	-1	0	1	1	1	1	1	-1	-1	-1	1	1	1	-1	1	1	-1	-1	-1	-1	1	0	-1	-1	-1	1	0	1	0	-1	1	1	-1	1	1	0	-1	1	1	-1	-1	-1	1	-1	1	-1	1	-1	1	1	1	-1	0	1	-1	0	1	-1	1	-1	-1	1	-1	1	1	1	1	-1	1	1	-1	1	-1	1	1	1	-1	-1	-1	-1	-1	-1	0	-1	1	0	1	0	1	-1	-1	1	-1	-1	1	-1	0	1	1	1	1	1	1	1	-1	1	-1	1	0	1	1	-1	-1	-1	1	0	1	-1	0
TP53BP1	0	0	-1	0	0	-1	0	0	0	0	0	-1	-1	1	0	0	1	0	0	-1	-1	1	1	0	0	0	1	0	0	1	0	0	0	0	0	0	0	0	0	-1	0	0	1	-1	0	0	0	0	0	-1	0	-1	-1	0	1	0	0	1	1	0	0	0	0	0	0	-1	0	1	0	0	0	1	0	0	1	0	1	0	-1	-1	-1	0	0	1	0	-1	0	0	0	0	0	0	0	0	1	0	0	1	1	1	-1	0	0	0	0	0	0	0	0	0	1	0	1	-1	1	-1	1	0	0	-1	1	0	-1	-1	0	0	0	-1	-1	-1	-1	0	-1	0	0	-1	-1	-1	0	-1	1	0	0
TSC1	0	0	0	0	0	0	0	0	-1	0	0	0	-1	-1	0	1	0	0	-1	0	0	0	0	1	0	0	1	1	0	0	0	1	0	0	1	-1	-1	0	-1	-1	0	0	-1	-1	1	0	0	0	0	0	0	0	-1	1	0	-1	0	0	1	0	0	0	1	0	-1	0	0	0	0	0	0	0	0	0	-1	1	0	0	-1	0	0	0	0	0	1	0	1	-1	0	0	0	0	0	0	0	0	0	1	0	0	0	0	0	1	0	0	0	0	1	0	0	0	0	-1	1	0	0	1	0	0	0	0	-1	0	-1	0	-1	-1	0	0	0	0	0	1	0	-1	-1	0	0	1	1	0	0
TSC2	0	0	0	0	0	0	0	-1	0	0	0	0	0	1	0	0	0	-1	0	0	1	1	0	0	0	0	0	0	0	0	1	0	0	1	-1	0	0	1	0	0	0	0	1	0	0	0	0	1	0	0	0	0	0	0	1	0	0	1	1	0	1	0	0	1	0	0	-1	0	0	0	0	0	0	0	0	0	0	0	0	-1	-1	0	0	0	0	0	0	0	0	0	0	0	-1	1	1	-1	1	0	0	0	-1	0	0	0	-1	0	-1	0	0	0	-1	0	0	-1	1	-1	0	0	0	-1	0	0	0	0	0	0	0	0	0	0	0	1	0	0	1	0	0	0	0	0	0	0	0
TUBA1B	1	1	0	0	0	0	0	1	0	0	0	0	0	0	0	1	0	0	0	1	0	0	0	-1	1	-1	-1	-1	0	0	0	0	0	0	0	0	0	-1	1	0	0	0	1	0	0	0	0	0	0	0	0	1	0	0	-1	0	0	0	0	0	1	0	-1	0	1	0	0	0	-1	0	-1	0	0	0	1	-1	0	0	0	0	0	0	0	0	-1	0	0	0	0	0	1	0	0	0	1	0	0	-1	0	0	-1	0	-1	0	0	-1	0	0	0	0	0	-1	-1	0	0	1	0	0	0	0	-1	0	0	0	0	0	0	0	0	1	1	0	1	1	0	0	0	0	1	0	0	0	0
VHL	0	1	-1	0	1	1	1	0	0	0	-1	-1	-1	0	0	0	0	0	0	-1	-1	-1	-1	0	0	0	1	1	0	1	0	0	0	0	-1	0	0	0	0	-1	0	1	0	-1	0	1	0	0	0	0	0	-1	0	0	0	1	1	-1	0	-1	1	1	1	0	0	-1	0	0	1	0	0	0	0	-1	-1	0	0	0	-1	-1	-1	1	1	0	0	0	0	-1	0	-1	0	-1	0	-1	0	0	0	1	0	1	0	1	0	0	0	1	0	0	1	0	1	0	0	0	-1	-1	1	1	0	1	1	0	0	-1	0	1	-1	-1	-1	0	-1	1	-1	0	0	-1	-1	0	0	0	0	0	0
WWTR1	-1	-1	0	-1	-1	-1	1	0	-1	0	1	1	0	1	0	1	1	0	-1	0	-1	-1	0	0	0	0	0	1	0	1	0	-1	1	1	0	0	0	0	-1	1	0	-1	0	-1	1	1	0	1	0	0	0	0	1	0	-1	1	-1	1	0	-1	0	1	0	1	-1	-1	1	-1	-1	1	0	-1	1	1	0	0	-1	-1	-1	0	0	1	0	1	0	-1	1	-1	0	-1	0	1	1	0	1	1	0	1	-1	0	1	1	1	0	1	0	0	0	1	-1	0	-1	0	0	0	-1	1	-1	0	-1	0	1	0	-1	1	0	-1	-1	-1	-1	-1	1	-1	1	-1	0	0	-1	-1	-1	1	0	1
XBP1	-1	0	0	1	0	-1	-1	-1	0	1	0	1	-1	0	-1	-1	0	0	-1	-1	0	-1	0	-1	0	-1	1	1	-1	0	-1	-1	-1	0	-1	0	-1	1	0	1	-1	0	-1	1	0	0	0	-1	0	1	0	-1	1	0	0	0	-1	1	0	1	-1	0	1	-1	0	0	1	-1	1	1	0	0	0	1	-1	0	0	0	1	1	1	1	-1	-1	1	0	1	0	1	1	-1	0	0	1	1	0	1	0	-1	1	1	1	0	0	1	1	0	0	0	1	-1	0	0	-1	0	0	-1	1	0	-1	1	1	0	-1	0	-1	-1	1	1	0	-1	0	-1	1	-1	-1	-1	-1	-1	0	-1	0	1
XRCC1	1	0	1	1	0	1	0	0	0	0	1	0	1	1	-1	0	-1	0	0	0	0	0	0	0	0	0	-1	-1	0	1	0	0	0	-1	0	-1	1	0	0	0	0	0	0	1	1	0	0	0	0	0	0	1	0	0	1	-1	0	0	-1	1	0	0	-1	-1	0	1	0	1	0	0	-1	-1	-1	0	0	0	0	0	0	0	0	0	0	0	-1	-1	1	0	0	0	0	0	-1	0	0	1	0	0	1	0	0	-1	0	0	-1	0	-1	0	0	0	0	0	0	-1	0	0	0	-1	0	0	-1	-1	-1	1	0	0	0	0	-1	1	1	0	-1	1	0	1	1	1	0	1	0	0	0
XRCC5	1	0	0	0	0	0	0	0	0	0	1	1	0	1	0	0	0	0	0	0	0	-1	-1	-1	0	0	0	0	0	0	0	-1	0	0	0	0	0	0	1	1	1	1	0	0	0	1	-1	0	0	0	1	0	-1	0	0	0	1	0	0	1	-1	1	0	1	0	-1	0	1	0	0	0	-1	0	0	1	0	0	0	0	0	0	0	1	0	0	-1	0	0	0	0	0	1	1	0	0	1	0	0	0	1	0	0	1	0	0	0	0	0	0	0	-1	0	0	-1	0	0	0	0	-1	0	0	0	-1	0	0	0	-1	0	-1	0	0	0	0	0	0	1	-1	0	0	-1	0	0	0
YAP1	-1	1	0	0	0	-1	0	1	0	0	0	0	0	1	1	0	1	0	0	-1	-1	0	0	1	0	0	1	1	1	0	0	-1	0	0	0	0	-1	0	-1	1	0	-1	0	0	0	0	0	0	-1	-1	0	-1	1	1	0	0	1	0	0	0	1	0	1	0	0	-1	-1	1	0	0	0	-1	1	0	0	0	0	1	-1	0	0	1	1	1	1	1	0	0	-1	0	0	0	-1	0	0	1	0	1	0	0	1	1	1	0	0	1	1	0	0	1	1	-1	1	1	0	0	0	0	0	-1	0	1	-1	-1	1	1	-1	0	0	-1	0	0	-1	-1	-1	-1	-1	-1	0	-1	-1	0	0
YBX1	0	0	0	0	0	0	0	1	0	0	0	1	0	-1	0	1	0	0	0	1	0	0	0	-1	0	-1	0	-1	0	0	0	0	0	0	0	-1	0	0	1	0	0	1	0	0	0	-1	0	-1	0	0	1	1	0	-1	-1	0	0	0	-1	0	0	0	-1	0	0	1	0	0	0	0	0	0	0	0	0	-1	0	0	0	1	0	-1	0	-1	0	1	-1	0	0	0	0	1	1	-1	0	-1	-1	-1	0	0	-1	0	-1	0	1	0	0	0	1	0	-1	0	-1	0	0	1	0	-1	0	1	-1	0	0	0	0	1	0	1	0	0	1	0	0	0	1	1	0	-1	0	0	-1	0	0
YWHAB	0	-1	-1	0	0	0	0	1	0	0	0	0	0	0	0	0	1	1	0	-1	0	0	0	0	1	0	0	0	0	-1	0	0	0	0	0	0	0	1	0	0	-1	0	-1	0	0	0	0	-1	0	-1	0	0	0	0	0	0	0	0	0	0	1	0	0	1	0	0	0	0	0	1	0	-1	0	0	0	0	0	0	-1	0	0	0	0	0	0	0	0	0	0	0	0	1	0	0	0	0	0	-1	0	0	0	0	1	0	0	1	0	0	0	0	0	0	0	-1	0	1	0	0	0	-1	0	0	0	0	1	0	0	0	0	0	0	0	-1	0	-1	0	0	0	-1	-1	0	0	-1
YWHAE	1	0	1	0	1	0	0	0	0	0	0	0	0	0	0	0	0	0	-1	1	0	-1	1	1	0	0	0	-1	0	0	0	-1	0	0	0	0	-1	0	0	0	1	0	0	0	0	0	0	0	0	0	1	0	-1	-1	0	-1	0	0	0	0	0	0	0	0	0	0	0	0	-1	0	1	0	1	0	1	-1	0	0	0	1	0	0	0	0	0	0	0	0	-1	0	0	1	0	0	1	0	0	0	1	0	1	0	-1	-1	0	0	0	0	0	0	0	-1	0	0	0	1	-1	0	0	0	0	1	0	0	0	0	0	0	0	0	1	0	0	0	0	1	0	0	1	0	0	0	0
YWHAZ	1	-1	0	0	0	0	0	0	-1	0	0	0	0	0	1	0	1	0	0	0	1	-1	0	1	1	0	0	0	1	0	-1	0	0	1	0	0	0	-1	1	0	-1	0	-1	0	1	0	-1	0	0	0	0	0	0	1	1	0	0	0	-1	0	0	1	0	1	0	-1	0	0	0	0	1	-1	0	1	-1	0	0	0	0	0	-1	0	1	0	0	0	0	0	0	0	1	1	0	1	-1	0	-1	0	1	0	0	0	0	1	1	1	1	0	0	0	0	0	-1	1	0	0	-1	0	-1	0	0	1	0	0	0	-1	-1	0	0	0	-1	0	0	-1	-1	-1	0	-1	0	0	0	0	-1
